18 0.1875 0.3237433862433862 0.23214285714285715 0.3237433862433862 0.23214285714285715 0.36044973544973546 0.1875 0.36044973544973546
18 0.23189484126984128 0.3230820105820106 0.27554563492063494 0.3230820105820106 0.27554563492063494 0.36177248677248675 0.23189484126984128 0.36177248677248675
18 0.27529761904761907 0.32407407407407407 0.3187003968253968 0.32407407407407407 0.3187003968253968 0.36474867724867727 0.27529761904761907 0.36474867724867727
18 0.31820436507936506 0.32275132275132273 0.3618551587301587 0.32275132275132273 0.3618551587301587 0.36243386243386244 0.31820436507936506 0.36243386243386244
7 0.1111111111111111 0.3826058201058201 0.1307043650793651 0.3826058201058201 0.1307043650793651 0.43683862433862436 0.1111111111111111 0.43683862433862436
7 0.12996031746031747 0.38326719576719576 0.14905753968253968 0.38326719576719576 0.14905753968253968 0.43683862433862436 0.12996031746031747 0.43683862433862436
7 0.1488095238095238 0.38326719576719576 0.16889880952380953 0.38326719576719576 0.16889880952380953 0.43617724867724866 0.1488095238095238 0.43617724867724866
7 0.16815476190476192 0.38326719576719576 0.18774801587301587 0.38326719576719576 0.18774801587301587 0.4375 0.16815476190476192 0.4375
19 0.33110119047619047 0.38293650793650796 0.3489583333333333 0.38293650793650796 0.3489583333333333 0.43716931216931215 0.33110119047619047 0.43716931216931215
19 0.3489583333333333 0.38227513227513227 0.3678075396825397 0.38227513227513227 0.3678075396825397 0.4375 0.3489583333333333 0.4375
19 0.3678075396825397 0.38293650793650796 0.3861607142857143 0.38293650793650796 0.3861607142857143 0.43783068783068785 0.3678075396825397 0.43783068783068785
19 0.38566468253968256 0.3826058201058201 0.404265873015873 0.3826058201058201 0.404265873015873 0.43783068783068785 0.38566468253968256 0.43783068783068785
17 0.11135912698412699 0.531415343915344 0.12946428571428573 0.531415343915344 0.12946428571428573 0.5691137566137566 0.11135912698412699 0.5691137566137566
17 0.12896825396825398 0.531084656084656 0.14781746031746032 0.531084656084656 0.14781746031746032 0.5701058201058201 0.12896825396825398 0.5701058201058201
28 0.3412698412698413 0.5965608465608465 0.35788690476190477 0.5965608465608465 0.35788690476190477 0.6286375661375662 0.3412698412698413 0.6286375661375662
29 0.3576388888888889 0.6008597883597884 0.37202380952380953 0.6008597883597884 0.37202380952380953 0.626984126984127 0.3576388888888889 0.626984126984127
30 0.37276785714285715 0.611441798941799 0.3881448412698413 0.611441798941799 0.3881448412698413 0.6200396825396826 0.37276785714285715 0.6200396825396826
30 0.3725198412698413 0.6200396825396826 0.388640873015873 0.6200396825396826 0.388640873015873 0.6292989417989417 0.3725198412698413 0.6292989417989417
30 0.37648809523809523 0.6015211640211641 0.3896329365079365 0.6015211640211641 0.3896329365079365 0.6104497354497355 0.37648809523809523 0.6104497354497355
32 0.06969246031746032 0.6673280423280423 0.1039186507936508 0.6673280423280423 0.1039186507936508 0.7192460317460317 0.06969246031746032 0.7192460317460317
31 0.10962301587301587 0.6666666666666666 0.15178571428571427 0.6666666666666666 0.15178571428571427 0.7166005291005291 0.10962301587301587 0.7166005291005291
9 0.3712797619047619 0.6762566137566137 0.38268849206349204 0.6762566137566137 0.38268849206349204 0.7172619047619048 0.3712797619047619 0.7172619047619048
9 0.38293650793650796 0.6769179894179894 0.39459325396825395 0.6769179894179894 0.39459325396825395 0.718915343915344 0.38293650793650796 0.718915343915344
9 0.3948412698412698 0.6759259259259259 0.40773809523809523 0.6759259259259259 0.40773809523809523 0.718584656084656 0.3948412698412698 0.718584656084656
20 0.07564484126984126 0.7374338624338624 0.0992063492063492 0.7374338624338624 0.0992063492063492 0.8167989417989417 0.07564484126984126 0.8167989417989417
20 0.09821428571428571 0.7367724867724867 0.12227182539682539 0.7367724867724867 0.12227182539682539 0.8167989417989417 0.09821428571428571 0.8167989417989417
20 0.12227182539682539 0.7367724867724867 0.14508928571428573 0.7367724867724867 0.14508928571428573 0.816468253968254 0.12227182539682539 0.816468253968254
20 0.14484126984126985 0.7377645502645502 0.1671626984126984 0.7377645502645502 0.1671626984126984 0.8171296296296297 0.14484126984126985 0.8171296296296297
20 0.16741071428571427 0.7367724867724867 0.1892361111111111 0.7367724867724867 0.1892361111111111 0.8158068783068783 0.16741071428571427 0.8158068783068783
20 0.18898809523809523 0.7367724867724867 0.21626984126984128 0.7367724867724867 0.21626984126984128 0.8184523809523809 0.18898809523809523 0.8184523809523809
21 0.22172619047619047 0.7417328042328042 0.24875992063492064 0.7417328042328042 0.24875992063492064 0.816468253968254 0.22172619047619047 0.816468253968254
21 0.24975198412698413 0.7417328042328042 0.2760416666666667 0.7417328042328042 0.2760416666666667 0.8171296296296297 0.24975198412698413 0.8171296296296297
21 0.27554563492063494 0.7410714285714286 0.30257936507936506 0.7410714285714286 0.30257936507936506 0.8181216931216931 0.27554563492063494 0.8181216931216931
21 0.30158730158730157 0.7410714285714286 0.3298611111111111 0.7410714285714286 0.3298611111111111 0.8181216931216931 0.30158730158730157 0.8181216931216931
21 0.3291170634920635 0.7414021164021164 0.3586309523809524 0.7414021164021164 0.3586309523809524 0.8181216931216931 0.3291170634920635 0.8181216931216931
25 0.48487103174603174 0.22685185185185186 0.5029761904761905 0.22685185185185186 0.5029761904761905 0.2761243386243386 0.48487103174603174 0.2761243386243386
25 0.5029761904761905 0.22718253968253968 0.5188492063492064 0.22718253968253968 0.5188492063492064 0.2761243386243386 0.5029761904761905 0.2761243386243386
25 0.5188492063492064 0.22817460317460317 0.5362103174603174 0.22817460317460317 0.5362103174603174 0.2761243386243386 0.5188492063492064 0.2761243386243386
25 0.5357142857142857 0.22685185185185186 0.5535714285714286 0.22685185185185186 0.5535714285714286 0.2767857142857143 0.5357142857142857 0.2767857142857143
23 0.5632440476190477 0.2080026455026455 0.5877976190476191 0.2080026455026455 0.5877976190476191 0.2761243386243386 0.5632440476190477 0.2761243386243386
23 0.5877976190476191 0.20833333333333334 0.6125992063492064 0.20833333333333334 0.6125992063492064 0.2748015873015873 0.5877976190476191 0.2748015873015873
22 0.6128472222222222 0.22552910052910052 0.6331845238095238 0.22552910052910052 0.6331845238095238 0.2748015873015873 0.6128472222222222 0.2748015873015873
22 0.6331845238095238 0.22685185185185186 0.6555059523809523 0.22685185185185186 0.6555059523809523 0.27380952380952384 0.6331845238095238 0.27380952380952384
22 0.6550099206349206 0.22453703703703703 0.6755952380952381 0.22453703703703703 0.6755952380952381 0.2748015873015873 0.6550099206349206 0.2748015873015873
27 0.6780753968253969 0.23842592592592593 0.7757936507936508 0.23842592592592593 0.7757936507936508 0.2748015873015873 0.6780753968253969 0.2748015873015873
27 0.7760416666666666 0.23677248677248677 0.8705357142857143 0.23677248677248677 0.8705357142857143 0.27380952380952384 0.7760416666666666 0.27380952380952384
12 0.4176587301587302 0.3134920634920635 0.4350198412698413 0.3134920634920635 0.4350198412698413 0.36574074074074076 0.4176587301587302 0.36574074074074076
13 0.4417162698412698 0.3148148148148148 0.4585813492063492 0.3148148148148148 0.4585813492063492 0.36574074074074076 0.4417162698412698 0.36574074074074076
13 0.4585813492063492 0.31316137566137564 0.47693452380952384 0.31316137566137564 0.47693452380952384 0.3664021164021164 0.4585813492063492 0.3664021164021164
13 0.47668650793650796 0.3148148148148148 0.4937996031746032 0.3148148148148148 0.4937996031746032 0.36607142857142855 0.47668650793650796 0.36607142857142855
10 0.5243055555555556 0.30456349206349204 0.5419146825396826 0.30456349206349204 0.5419146825396826 0.36706349206349204 0.5243055555555556 0.36706349206349204
10 0.5419146825396826 0.3039021164021164 0.5607638888888888 0.3039021164021164 0.5607638888888888 0.36706349206349204 0.5419146825396826 0.36706349206349204
10 0.560515873015873 0.30257936507936506 0.5788690476190477 0.30257936507936506 0.5788690476190477 0.3664021164021164 0.560515873015873 0.3664021164021164
10 0.5796130952380952 0.30456349206349204 0.5969742063492064 0.30456349206349204 0.5969742063492064 0.36574074074074076 0.5796130952380952 0.36574074074074076
10 0.5969742063492064 0.30522486772486773 0.6135912698412699 0.30522486772486773 0.6135912698412699 0.36772486772486773 0.5969742063492064 0.36772486772486773
8 0.6153273809523809 0.31117724867724866 0.6349206349206349 0.31117724867724866 0.6349206349206349 0.3664021164021164 0.6153273809523809 0.3664021164021164
8 0.6341765873015873 0.3101851851851852 0.6515376984126984 0.3101851851851852 0.6515376984126984 0.36474867724867727 0.6341765873015873 0.36474867724867727
8 0.6512896825396826 0.310515873015873 0.667906746031746 0.310515873015873 0.667906746031746 0.36706349206349204 0.6512896825396826 0.36706349206349204
1 0.6688988095238095 0.3098544973544973 0.6862599206349206 0.3098544973544973 0.6862599206349206 0.36607142857142855 0.6688988095238095 0.36607142857142855
1 0.6862599206349206 0.3115079365079365 0.703125 0.3115079365079365 0.703125 0.36706349206349204 0.6862599206349206 0.36706349206349204
1 0.703125 0.310515873015873 0.7194940476190477 0.310515873015873 0.7194940476190477 0.36607142857142855 0.703125 0.36607142857142855
2 0.7214781746031746 0.30357142857142855 0.7450396825396826 0.30357142857142855 0.7450396825396826 0.3683862433862434 0.7214781746031746 0.3683862433862434
2 0.7450396825396826 0.3012566137566138 0.7658730158730159 0.3012566137566138 0.7658730158730159 0.36607142857142855 0.7450396825396826 0.36607142857142855
26 0.46478174603174605 0.38822751322751325 0.4809027777777778 0.38822751322751325 0.4809027777777778 0.43915343915343913 0.46478174603174605 0.43915343915343913
24 0.4851190476190476 0.390542328042328 0.5022321428571429 0.390542328042328 0.5022321428571429 0.4384920634920635 0.4851190476190476 0.4384920634920635
24 0.5024801587301587 0.3915343915343915 0.5183531746031746 0.3915343915343915 0.5183531746031746 0.439484126984127 0.5024801587301587 0.439484126984127
24 0.5186011904761905 0.39186507936507936 0.5362103174603174 0.39186507936507936 0.5362103174603174 0.4384920634920635 0.5186011904761905 0.4384920634920635
24 0.5362103174603174 0.3915343915343915 0.5530753968253969 0.3915343915343915 0.5530753968253969 0.439484126984127 0.5362103174603174 0.439484126984127
24 0.5530753968253969 0.390542328042328 0.5699404761904762 0.390542328042328 0.5699404761904762 0.4398148148148148 0.5530753968253969 0.4398148148148148
24 0.5696924603174603 0.3915343915343915 0.5870535714285714 0.3915343915343915 0.5870535714285714 0.4398148148148148 0.5696924603174603 0.4398148148148148
4 0.5912698412698413 0.39021164021164023 0.6111111111111112 0.39021164021164023 0.6111111111111112 0.44047619047619047 0.5912698412698413 0.44047619047619047
4 0.6111111111111112 0.39021164021164023 0.6299603174603174 0.39021164021164023 0.6299603174603174 0.4398148148148148 0.6111111111111112 0.4398148148148148
4 0.6297123015873016 0.38921957671957674 0.6480654761904762 0.38921957671957674 0.6480654761904762 0.439484126984127 0.6297123015873016 0.439484126984127
4 0.6480654761904762 0.38921957671957674 0.6669146825396826 0.38921957671957674 0.6669146825396826 0.44047619047619047 0.6480654761904762 0.44047619047619047
4 0.6666666666666666 0.38955026455026454 0.6860119047619048 0.38955026455026454 0.6860119047619048 0.4398148148148148 0.6666666666666666 0.4398148148148148
11 0.6867559523809523 0.38525132275132273 0.703125 0.38525132275132273 0.703125 0.44047619047619047 0.6867559523809523 0.44047619047619047
11 0.7036210317460317 0.38392857142857145 0.7237103174603174 0.38392857142857145 0.7237103174603174 0.4398148148148148 0.7036210317460317 0.4398148148148148
11 0.7234623015873016 0.38392857142857145 0.7410714285714286 0.38392857142857145 0.7410714285714286 0.44047619047619047 0.7234623015873016 0.44047619047619047
11 0.7413194444444444 0.3835978835978836 0.7586805555555556 0.3835978835978836 0.7586805555555556 0.439484126984127 0.7413194444444444 0.439484126984127
15 0.5295138888888888 0.4636243386243386 0.548859126984127 0.4636243386243386 0.548859126984127 0.5119047619047619 0.5295138888888888 0.5119047619047619
15 0.5471230158730159 0.46395502645502645 0.564484126984127 0.46395502645502645 0.564484126984127 0.5115740740740741 0.5471230158730159 0.5115740740740741
15 0.5652281746031746 0.4642857142857143 0.5828373015873016 0.4642857142857143 0.5828373015873016 0.5148809523809523 0.5652281746031746 0.5148809523809523
15 0.5840773809523809 0.4652777777777778 0.6011904761904762 0.4652777777777778 0.6011904761904762 0.5142195767195767 0.5840773809523809 0.5142195767195767
15 0.6011904761904762 0.4642857142857143 0.6185515873015873 0.4642857142857143 0.6185515873015873 0.5142195767195767 0.6011904761904762 0.5142195767195767
15 0.6175595238095238 0.46395502645502645 0.6361607142857143 0.46395502645502645 0.6361607142857143 0.5142195767195767 0.6175595238095238 0.5142195767195767
25 0.42485119047619047 0.5231481481481481 0.4409722222222222 0.5231481481481481 0.4409722222222222 0.5707671957671958 0.42485119047619047 0.5707671957671958
25 0.4409722222222222 0.5224867724867724 0.4583333333333333 0.5224867724867724 0.4583333333333333 0.5707671957671958 0.4409722222222222 0.5707671957671958
25 0.4583333333333333 0.5211640211640212 0.4749503968253968 0.5211640211640212 0.4749503968253968 0.5717592592592593 0.4583333333333333 0.5717592592592593
25 0.47445436507936506 0.5221560846560847 0.49404761904761907 0.5221560846560847 0.49404761904761907 0.5707671957671958 0.47445436507936506 0.5707671957671958
16 0.5193452380952381 0.5912698412698413 0.5307539682539683 0.5912698412698413 0.5307539682539683 0.6292989417989417 0.5193452380952381 0.6292989417989417
16 0.5307539682539683 0.5902777777777778 0.5404265873015873 0.5902777777777778 0.5404265873015873 0.6286375661375662 0.5307539682539683 0.6286375661375662
16 0.5399305555555556 0.5909391534391535 0.5518353174603174 0.5909391534391535 0.5518353174603174 0.6302910052910053 0.5399305555555556 0.6302910052910053
16 0.5515873015873016 0.5912698412698413 0.5622519841269841 0.5912698412698413 0.5622519841269841 0.6309523809523809 0.5515873015873016 0.6309523809523809
16 0.5620039682539683 0.5909391534391535 0.5744047619047619 0.5909391534391535 0.5744047619047619 0.6306216931216931 0.5620039682539683 0.6306216931216931
16 0.5739087301587301 0.5909391534391535 0.5858134920634921 0.5909391534391535 0.5858134920634921 0.6302910052910053 0.5739087301587301 0.6302910052910053
16 0.5853174603174603 0.5909391534391535 0.5972222222222222 0.5909391534391535 0.5972222222222222 0.6302910052910053 0.5853174603174603 0.6302910052910053
14 0.6014384920634921 0.5896164021164021 0.6143353174603174 0.5896164021164021 0.6143353174603174 0.6312830687830688 0.6014384920634921 0.6312830687830688
14 0.613343253968254 0.5902777777777778 0.6272321428571429 0.5902777777777778 0.6272321428571429 0.6312830687830688 0.613343253968254 0.6312830687830688
14 0.6267361111111112 0.5896164021164021 0.6398809523809523 0.5896164021164021 0.6398809523809523 0.6316137566137566 0.6267361111111112 0.6316137566137566
14 0.6383928571428571 0.5886243386243386 0.6520337301587301 0.5886243386243386 0.6520337301587301 0.6329365079365079 0.6383928571428571 0.6329365079365079
5 0.6004464285714286 0.7582671957671958 0.6790674603174603 0.7582671957671958 0.6790674603174603 0.826058201058201 0.6004464285714286 0.826058201058201
27 0.7569444444444444 0.7787698412698413 0.8571428571428571 0.7787698412698413 0.8571428571428571 0.8283730158730159 0.7569444444444444 0.8283730158730159
0 0.022569444444444444 0.4738756613756614 0.03373015873015873 0.4738756613756614 0.03373015873015873 0.5066137566137566 0.022569444444444444 0.5066137566137566
0 0.03373015873015873 0.47354497354497355 0.046378968253968256 0.47354497354497355 0.046378968253968256 0.5079365079365079 0.03373015873015873 0.5079365079365079
0 0.045882936507936505 0.4732142857142857 0.057787698412698416 0.4732142857142857 0.057787698412698416 0.5079365079365079 0.045882936507936505 0.5079365079365079
0 0.05704365079365079 0.4738756613756614 0.06597222222222222 0.4738756613756614 0.06597222222222222 0.5085978835978836 0.05704365079365079 0.5085978835978836