7 0.033482142857142856 0.4070767195767196 0.08630952380952381 0.4070767195767196 0.08630952380952381 0.5277777777777778 0.033482142857142856 0.5277777777777778
7 0.0744047619047619 0.4060846560846561 0.12574404761904762 0.4060846560846561 0.12574404761904762 0.5264550264550265 0.0744047619047619 0.5264550264550265
7 0.1158234126984127 0.40575396825396826 0.16666666666666666 0.40575396825396826 0.16666666666666666 0.5244708994708994 0.1158234126984127 0.5244708994708994
7 0.1589781746031746 0.4044312169312169 0.2078373015873016 0.4044312169312169 0.2078373015873016 0.5251322751322751 0.1589781746031746 0.5251322751322751
7 0.20262896825396826 0.4041005291005291 0.25024801587301587 0.4041005291005291 0.25024801587301587 0.5231481481481481 0.20262896825396826 0.5231481481481481
7 0.2465277777777778 0.4041005291005291 0.29191468253968256 0.4041005291005291 0.29191468253968256 0.5218253968253969 0.2465277777777778 0.5218253968253969
7 0.28596230158730157 0.4027777777777778 0.33804563492063494 0.4027777777777778 0.33804563492063494 0.5221560846560847 0.28596230158730157 0.5221560846560847
17 0.6361607142857143 0.4252645502645503 0.6810515873015873 0.4252645502645503 0.6810515873015873 0.517526455026455 0.6361607142857143 0.517526455026455
17 0.6812996031746031 0.4226190476190476 0.7256944444444444 0.4226190476190476 0.7256944444444444 0.5148809523809523 0.6812996031746031 0.5148809523809523
3 0.7728174603174603 0.3783068783068783 0.8387896825396826 0.3783068783068783 0.8387896825396826 0.513558201058201 0.7728174603174603 0.513558201058201
24 0.8772321428571429 0.5572089947089947 0.9392361111111112 0.5572089947089947 0.9392361111111112 0.6729497354497355 0.8772321428571429 0.6729497354497355
24 0.9223710317460317 0.5575396825396826 0.9781746031746031 0.5575396825396826 0.9781746031746031 0.6722883597883598 0.9223710317460317 0.6722883597883598
24 0.9627976190476191 0.5572089947089947 1 0.5572089947089947 1 0.6712962962962963 0.9627976190476191 0.6712962962962963
24 0.9419642857142857 0.5456349206349206 0.9947916666666666 0.5456349206349206 0.9947916666666666 0.5578703703703703 0.9419642857142857 0.5578703703703703
6 0.4791666666666667 0.7208994708994709 0.5029761904761905 0.7208994708994709 0.5029761904761905 0.7976190476190477 0.4791666666666667 0.7976190476190477
6 0.5024801587301587 0.7212301587301587 0.5260416666666666 0.7212301587301587 0.5260416666666666 0.798941798941799 0.5024801587301587 0.798941798941799
6 0.5017361111111112 0.7060185185185185 0.5250496031746031 0.7060185185185185 0.5250496031746031 0.7215608465608465 0.5017361111111112 0.7215608465608465
6 0.5250496031746031 0.7003968253968254 0.5471230158730159 0.7003968253968254 0.5471230158730159 0.7199074074074074 0.5250496031746031 0.7199074074074074
6 0.5245535714285714 0.7199074074074074 0.5486111111111112 0.7199074074074074 0.5486111111111112 0.7962962962962963 0.5245535714285714 0.7962962962962963
6 0.5483630952380952 0.718584656084656 0.5719246031746031 0.718584656084656 0.5719246031746031 0.7953042328042328 0.5483630952380952 0.7953042328042328
6 0.5471230158730159 0.7053571428571429 0.5701884920634921 0.7053571428571429 0.5701884920634921 0.7192460317460317 0.5471230158730159 0.7192460317460317
0 0.5652281746031746 0.6832010582010583 0.5870535714285714 0.6832010582010583 0.5870535714285714 0.6937830687830688 0.5652281746031746 0.6937830687830688
0 0.5669642857142857 0.6927910052910053 0.5912698412698413 0.6927910052910053 0.5912698412698413 0.7056878306878307 0.5669642857142857 0.7056878306878307
0 0.5907738095238095 0.6941137566137566 0.6128472222222222 0.6941137566137566 0.6128472222222222 0.705026455026455 0.5907738095238095 0.705026455026455
0 0.6116071428571429 0.6875 0.6336805555555556 0.6875 0.6336805555555556 0.6997354497354498 0.6116071428571429 0.6997354497354498
0 0.6331845238095238 0.6888227513227513 0.6574900793650794 0.6888227513227513 0.6574900793650794 0.7000661375661376 0.6331845238095238 0.7000661375661376
0 0.5694444444444444 0.705026455026455 0.59375 0.705026455026455 0.59375 0.7192460317460317 0.5694444444444444 0.7192460317460317
0 0.5920138888888888 0.7053571428571429 0.6165674603174603 0.7053571428571429 0.6165674603174603 0.718584656084656 0.5920138888888888 0.718584656084656
0 0.6143353174603174 0.6990740740740741 0.6388888888888888 0.6990740740740741 0.6388888888888888 0.7175925925925926 0.6143353174603174 0.7175925925925926
0 0.6378968253968254 0.7003968253968254 0.6636904761904762 0.7003968253968254 0.6636904761904762 0.7192460317460317 0.6378968253968254 0.7192460317460317
0 0.5704365079365079 0.7175925925925926 0.5942460317460317 0.7175925925925926 0.5942460317460317 0.7946428571428571 0.5704365079365079 0.7946428571428571
0 0.5939980158730159 0.7175925925925926 0.6178075396825397 0.7175925925925926 0.6178075396825397 0.7953042328042328 0.5939980158730159 0.7953042328042328
0 0.6160714285714286 0.7182539682539683 0.6418650793650794 0.7182539682539683 0.6418650793650794 0.7956349206349206 0.6160714285714286 0.7956349206349206
0 0.6403769841269841 0.7175925925925926 0.6654265873015873 0.7175925925925926 0.6654265873015873 0.796957671957672 0.6403769841269841 0.796957671957672
18 0 0.2708333333333333 0.0974702380952381 0.2708333333333333 0.0974702380952381 0.3644179894179894 0 0.3644179894179894
18 0.0900297619047619 0.26421957671957674 0.19940476190476192 0.26421957671957674 0.19940476190476192 0.36044973544973546 0.0900297619047619 0.36044973544973546
18 0.19370039682539683 0.26421957671957674 0.3010912698412698 0.26421957671957674 0.3010912698412698 0.3584656084656085 0.19370039682539683 0.3584656084656085
19 0.20014880952380953 0.5519179894179894 0.24404761904761904 0.5519179894179894 0.24404761904761904 0.6746031746031746 0.20014880952380953 0.6746031746031746
19 0.2400793650793651 0.5499338624338624 0.2822420634920635 0.5499338624338624 0.2822420634920635 0.6746031746031746 0.2400793650793651 0.6746031746031746
19 0.2777777777777778 0.5472883597883598 0.32068452380952384 0.5472883597883598 0.32068452380952384 0.6746031746031746 0.2777777777777778 0.6746031746031746
19 0.31646825396825395 0.5479497354497355 0.35813492063492064 0.5479497354497355 0.35813492063492064 0.6759259259259259 0.31646825396825395 0.6759259259259259
19 0.35466269841269843 0.5479497354497355 0.4000496031746032 0.5479497354497355 0.4000496031746032 0.6729497354497355 0.35466269841269843 0.6729497354497355
9 0.597718253968254 0.8204365079365079 0.6215277777777778 0.8204365079365079 0.6215277777777778 0.9110449735449735 0.597718253968254 0.9110449735449735
9 0.6192956349206349 0.8191137566137566 0.6450892857142857 0.8191137566137566 0.6450892857142857 0.908068783068783 0.6192956349206349 0.908068783068783
9 0.644593253968254 0.8191137566137566 0.6696428571428571 0.8191137566137566 0.6696428571428571 0.908068783068783 0.644593253968254 0.908068783068783