18 0.23859126984126985 0.3478835978835979 0.2802579365079365 0.3478835978835979 0.2802579365079365 0.38227513227513227 0.23859126984126985 0.38227513227513227
18 0.27976190476190477 0.3478835978835979 0.3219246031746032 0.3478835978835979 0.3219246031746032 0.38492063492063494 0.27976190476190477 0.38492063492063494
18 0.3219246031746032 0.3488756613756614 0.3618551587301587 0.3488756613756614 0.3618551587301587 0.38525132275132273 0.3219246031746032 0.38525132275132273
18 0.3618551587301587 0.3482142857142857 0.40153769841269843 0.3482142857142857 0.40153769841269843 0.3845899470899471 0.3618551587301587 0.3845899470899471
7 0.1736111111111111 0.40476190476190477 0.19122023809523808 0.40476190476190477 0.19122023809523808 0.455026455026455 0.1736111111111111 0.455026455026455
7 0.19047619047619047 0.4044312169312169 0.20858134920634921 0.4044312169312169 0.20858134920634921 0.453042328042328 0.19047619047619047 0.453042328042328
7 0.20734126984126985 0.4037698412698413 0.22594246031746032 0.4037698412698413 0.22594246031746032 0.4537037037037037 0.20734126984126985 0.4537037037037037
7 0.22544642857142858 0.4054232804232804 0.2435515873015873 0.4054232804232804 0.2435515873015873 0.45337301587301587 0.22544642857142858 0.45337301587301587
19 0.37549603174603174 0.4021164021164021 0.3933531746031746 0.4021164021164021 0.3933531746031746 0.4513888888888889 0.37549603174603174 0.4513888888888889
19 0.392609126984127 0.4027777777777778 0.4099702380952381 0.4027777777777778 0.4099702380952381 0.45271164021164023 0.392609126984127 0.45271164021164023
19 0.4099702380952381 0.4031084656084656 0.4263392857142857 0.4031084656084656 0.4263392857142857 0.4523809523809524 0.4099702380952381 0.4523809523809524
19 0.42658730158730157 0.40244708994708994 0.4427083333333333 0.40244708994708994 0.4427083333333333 0.4513888888888889 0.42658730158730157 0.4513888888888889
17 0.1728670634920635 0.5390211640211641 0.19047619047619047 0.5390211640211641 0.19047619047619047 0.5737433862433863 0.1728670634920635 0.5737433862433863
17 0.19047619047619047 0.5383597883597884 0.20833333333333334 0.5383597883597884 0.20833333333333334 0.5750661375661376 0.19047619047619047 0.5750661375661376
28 0.3869047619047619 0.5942460317460317 0.40054563492063494 0.5942460317460317 0.40054563492063494 0.6226851851851852 0.3869047619047619 0.6226851851851852
29 0.4025297619047619 0.5992063492063492 0.41443452380952384 0.5992063492063492 0.41443452380952384 0.623015873015873 0.4025297619047619 0.623015873015873
30 0.4164186507936508 0.6078042328042328 0.43005952380952384 0.6078042328042328 0.43005952380952384 0.6160714285714286 0.4164186507936508 0.6160714285714286
30 0.4164186507936508 0.6157407407407407 0.4303075396825397 0.6157407407407407 0.4303075396825397 0.6243386243386243 0.4164186507936508 0.6243386243386243
30 0.41716269841269843 0.59755291005291 0.42931547619047616 0.59755291005291 0.42931547619047616 0.6068121693121693 0.41716269841269843 0.6068121693121693
32 0.13814484126984128 0.6521164021164021 0.18452380952380953 0.6521164021164021 0.18452380952380953 0.7086640211640212 0.13814484126984128 0.7086640211640212
31 0.17584325396825398 0.6630291005291006 0.2152777777777778 0.6630291005291006 0.2152777777777778 0.707010582010582 0.17584325396825398 0.707010582010582
9 0.41393849206349204 0.6656746031746031 0.4253472222222222 0.6656746031746031 0.4253472222222222 0.7027116402116402 0.41393849206349204 0.7027116402116402
9 0.42509920634920634 0.666005291005291 0.435515873015873 0.666005291005291 0.435515873015873 0.7033730158730159 0.42509920634920634 0.7033730158730159
9 0.4375 0.6650132275132276 0.44742063492063494 0.6650132275132276 0.44742063492063494 0.7037037037037037 0.4375 0.7037037037037037
20 0.14459325396825398 0.7278439153439153 0.16641865079365079 0.7278439153439153 0.16641865079365079 0.7999338624338624 0.14459325396825398 0.7999338624338624
20 0.1661706349206349 0.7268518518518519 0.18898809523809523 0.7268518518518519 0.18898809523809523 0.7992724867724867 0.1661706349206349 0.7992724867724867
20 0.18799603174603174 0.7248677248677249 0.20932539682539683 0.7248677248677249 0.20932539682539683 0.7966269841269841 0.18799603174603174 0.7966269841269841
20 0.20907738095238096 0.7248677248677249 0.2296626984126984 0.7248677248677249 0.2296626984126984 0.7966269841269841 0.20907738095238096 0.7966269841269841
20 0.23040674603174602 0.7235449735449735 0.25148809523809523 0.7235449735449735 0.25148809523809523 0.7966269841269841 0.23040674603174602 0.7966269841269841
20 0.25024801587301587 0.7235449735449735 0.27232142857142855 0.7235449735449735 0.27232142857142855 0.7956349206349206 0.25024801587301587 0.7956349206349206
21 0.27976190476190477 0.7271825396825397 0.3040674603174603 0.7271825396825397 0.3040674603174603 0.7962962962962963 0.27976190476190477 0.7962962962962963
21 0.30505952380952384 0.7255291005291006 0.32936507936507936 0.7255291005291006 0.32936507936507936 0.7959656084656085 0.30505952380952384 0.7959656084656085
21 0.3291170634920635 0.7268518518518519 0.35267857142857145 0.7268518518518519 0.35267857142857145 0.7933201058201058 0.3291170634920635 0.7933201058201058
21 0.35342261904761907 0.7251984126984127 0.37822420634920634 0.7251984126984127 0.37822420634920634 0.792989417989418 0.35342261904761907 0.792989417989418
21 0.3777281746031746 0.7251984126984127 0.40153769841269843 0.7251984126984127 0.40153769841269843 0.7923280423280423 0.3777281746031746 0.7923280423280423
25 0.5151289682539683 0.2612433862433862 0.5310019841269841 0.2612433862433862 0.5310019841269841 0.3039021164021164 0.5151289682539683 0.3039021164021164
25 0.5307539682539683 0.26025132275132273 0.546875 0.26025132275132273 0.546875 0.30357142857142855 0.5307539682539683 0.30357142857142855
25 0.5461309523809523 0.25892857142857145 0.5617559523809523 0.25892857142857145 0.5617559523809523 0.30357142857142855 0.5461309523809523 0.30357142857142855
25 0.5615079365079365 0.26025132275132273 0.5763888888888888 0.26025132275132273 0.5763888888888888 0.30456349206349204 0.5615079365079365 0.30456349206349204
25 0.46205357142857145 0.5271164021164021 0.4771825396825397 0.5271164021164021 0.4771825396825397 0.5724206349206349 0.46205357142857145 0.5724206349206349
25 0.4779265873015873 0.5267857142857143 0.49181547619047616 0.5267857142857143 0.49181547619047616 0.5704365079365079 0.4779265873015873 0.5704365079365079
25 0.49231150793650796 0.5271164021164021 0.5069444444444444 0.5271164021164021 0.5069444444444444 0.5714285714285714 0.49231150793650796 0.5714285714285714
25 0.5071924603174603 0.5271164021164021 0.5228174603174603 0.5271164021164021 0.5228174603174603 0.5727513227513228 0.5071924603174603 0.5727513227513228
23 0.5823412698412699 0.24305555555555555 0.6066468253968254 0.24305555555555555 0.6066468253968254 0.3048941798941799 0.5823412698412699 0.3048941798941799
23 0.6063988095238095 0.24272486772486773 0.6292162698412699 0.24272486772486773 0.6292162698412699 0.3039021164021164 0.6063988095238095 0.3039021164021164
22 0.6292162698412699 0.2585978835978836 0.6488095238095238 0.2585978835978836 0.6488095238095238 0.3029100529100529 0.6292162698412699 0.3029100529100529
22 0.6488095238095238 0.25793650793650796 0.6669146825396826 0.25793650793650796 0.6669146825396826 0.3029100529100529 0.6488095238095238 0.3029100529100529
22 0.6674107142857143 0.25892857142857145 0.6872519841269841 0.25892857142857145 0.6872519841269841 0.30423280423280424 0.6674107142857143 0.30423280423280424
27 0.6892361111111112 0.27116402116402116 0.7752976190476191 0.27116402116402116 0.7752976190476191 0.30456349206349204 0.6892361111111112 0.30456349206349204
27 0.7750496031746031 0.2698412698412698 0.8568948412698413 0.2698412698412698 0.8568948412698413 0.3029100529100529 0.7750496031746031 0.3029100529100529
12 0.4538690476190476 0.3396164021164021 0.47098214285714285 0.3396164021164021 0.47098214285714285 0.38657407407407407 0.4538690476190476 0.38657407407407407
13 0.47643849206349204 0.33994708994708994 0.49255952380952384 0.33994708994708994 0.49255952380952384 0.38657407407407407 0.47643849206349204 0.38657407407407407
13 0.4915674603174603 0.3392857142857143 0.5081845238095238 0.3392857142857143 0.5081845238095238 0.3862433862433862 0.4915674603174603 0.3862433862433862
13 0.5074404761904762 0.3392857142857143 0.5228174603174603 0.3392857142857143 0.5228174603174603 0.3869047619047619 0.5074404761904762 0.3869047619047619
10 0.5500992063492064 0.33035714285714285 0.5674603174603174 0.33035714285714285 0.5674603174603174 0.3872354497354497 0.5500992063492064 0.3872354497354497
10 0.5674603174603174 0.3296957671957672 0.5840773809523809 0.3296957671957672 0.5840773809523809 0.38756613756613756 0.5674603174603174 0.38756613756613756
10 0.5830853174603174 0.32936507936507936 0.6001984126984127 0.32936507936507936 0.6001984126984127 0.3872354497354497 0.5830853174603174 0.3872354497354497
10 0.6001984126984127 0.330026455026455 0.6158234126984127 0.330026455026455 0.6158234126984127 0.3869047619047619 0.6001984126984127 0.3869047619047619
10 0.6158234126984127 0.33101851851851855 0.6302083333333334 0.33101851851851855 0.6302083333333334 0.3869047619047619 0.6158234126984127 0.3869047619047619
8 0.6321924603174603 0.33630952380952384 0.6498015873015873 0.33630952380952384 0.6498015873015873 0.3862433862433862 0.6321924603174603 0.3862433862433862
8 0.6490575396825397 0.33564814814814814 0.6646825396825397 0.33564814814814814 0.6646825396825397 0.3855820105820106 0.6490575396825397 0.3855820105820106
8 0.6649305555555556 0.33564814814814814 0.6795634920634921 0.33564814814814814 0.6795634920634921 0.38591269841269843 0.6649305555555556 0.38591269841269843
1 0.6808035714285714 0.3343253968253968 0.6956845238095238 0.3343253968253968 0.6956845238095238 0.38657407407407407 0.6808035714285714 0.38657407407407407
1 0.6954365079365079 0.3333333333333333 0.7120535714285714 0.3333333333333333 0.7120535714285714 0.3869047619047619 0.6954365079365079 0.3869047619047619
1 0.7125496031746031 0.3343253968253968 0.7279265873015873 0.3343253968253968 0.7279265873015873 0.3855820105820106 0.7125496031746031 0.3855820105820106
2 0.7289186507936508 0.32705026455026454 0.7472718253968254 0.32705026455026454 0.7472718253968254 0.3855820105820106 0.7289186507936508 0.3855820105820106
2 0.7470238095238095 0.32771164021164023 0.7643849206349206 0.32771164021164023 0.7643849206349206 0.3855820105820106 0.7470238095238095 0.3855820105820106
26 0.5002480158730159 0.4070767195767196 0.5161210317460317 0.4070767195767196 0.5161210317460317 0.4523809523809524 0.5002480158730159 0.4523809523809524
24 0.515625 0.4080687830687831 0.5317460317460317 0.4080687830687831 0.5317460317460317 0.45171957671957674 0.515625 0.45171957671957674
24 0.5317460317460317 0.40906084656084657 0.5466269841269841 0.40906084656084657 0.5466269841269841 0.4513888888888889 0.5317460317460317 0.4513888888888889
24 0.5461309523809523 0.4087301587301587 0.5610119047619048 0.4087301587301587 0.5610119047619048 0.45171957671957674 0.5461309523809523 0.45171957671957674
24 0.5610119047619048 0.4083994708994709 0.5771329365079365 0.4083994708994709 0.5771329365079365 0.45271164021164023 0.5610119047619048 0.45271164021164023
24 0.5773809523809523 0.40773809523809523 0.5912698412698413 0.40773809523809523 0.5912698412698413 0.45337301587301587 0.5773809523809523 0.45337301587301587
24 0.591765873015873 0.40773809523809523 0.607390873015873 0.40773809523809523 0.607390873015873 0.453042328042328 0.591765873015873 0.453042328042328
4 0.6101190476190477 0.4060846560846561 0.6277281746031746 0.4060846560846561 0.6277281746031746 0.4523809523809524 0.6101190476190477 0.4523809523809524
4 0.6274801587301587 0.4064153439153439 0.6448412698412699 0.4064153439153439 0.6448412698412699 0.45205026455026454 0.6274801587301587 0.45205026455026454
4 0.6450892857142857 0.40674603174603174 0.6617063492063492 0.40674603174603174 0.6617063492063492 0.4513888888888889 0.6450892857142857 0.4513888888888889
4 0.6607142857142857 0.4060846560846561 0.6778273809523809 0.4060846560846561 0.6778273809523809 0.45171957671957674 0.6607142857142857 0.45171957671957674
4 0.6768353174603174 0.4060846560846561 0.6946924603174603 0.4060846560846561 0.6946924603174603 0.45171957671957674 0.6768353174603174 0.45171957671957674
11 0.6941964285714286 0.40145502645502645 0.7085813492063492 0.40145502645502645 0.7085813492063492 0.45105820105820105 0.6941964285714286 0.45105820105820105
11 0.7095734126984127 0.4007936507936508 0.7266865079365079 0.4007936507936508 0.7266865079365079 0.4497354497354497 0.7095734126984127 0.4497354497354497
11 0.7269345238095238 0.3998015873015873 0.7428075396825397 0.3998015873015873 0.7428075396825397 0.4494047619047619 0.7269345238095238 0.4494047619047619
11 0.7428075396825397 0.3998015873015873 0.7584325396825397 0.3998015873015873 0.7584325396825397 0.4494047619047619 0.7428075396825397 0.4494047619047619
15 0.5555555555555556 0.4738756613756614 0.5714285714285714 0.4738756613756614 0.5714285714285714 0.5168650793650794 0.5555555555555556 0.5168650793650794
15 0.5714285714285714 0.47453703703703703 0.5880456349206349 0.47453703703703703 0.5880456349206349 0.5181878306878307 0.5714285714285714 0.5181878306878307
15 0.5877976190476191 0.47354497354497355 0.6044146825396826 0.47354497354497355 0.6044146825396826 0.5185185185185185 0.5877976190476191 0.5185185185185185
15 0.6036706349206349 0.4712301587301587 0.6200396825396826 0.4712301587301587 0.6200396825396826 0.5181878306878307 0.6036706349206349 0.5181878306878307
15 0.6195436507936508 0.47255291005291006 0.6349206349206349 0.47255291005291006 0.6349206349206349 0.5178571428571429 0.6195436507936508 0.5178571428571429
15 0.6349206349206349 0.4722222222222222 0.6498015873015873 0.4722222222222222 0.6498015873015873 0.5168650793650794 0.6349206349206349 0.5168650793650794
16 0.5458829365079365 0.5882936507936508 0.5558035714285714 0.5882936507936508 0.5558035714285714 0.6216931216931217 0.5458829365079365 0.6216931216931217
16 0.5553075396825397 0.5876322751322751 0.5652281746031746 0.5876322751322751 0.5652281746031746 0.6213624338624338 0.5553075396825397 0.6213624338624338
16 0.5652281746031746 0.5879629629629629 0.5758928571428571 0.5879629629629629 0.5758928571428571 0.6216931216931217 0.5652281746031746 0.6216931216931217
16 0.5756448412698413 0.5879629629629629 0.5858134920634921 0.5879629629629629 0.5858134920634921 0.6216931216931217 0.5756448412698413 0.6216931216931217
16 0.5855654761904762 0.5876322751322751 0.5949900793650794 0.5876322751322751 0.5949900793650794 0.6213624338624338 0.5855654761904762 0.6213624338624338
16 0.5952380952380952 0.5873015873015873 0.6059027777777778 0.5873015873015873 0.6059027777777778 0.6213624338624338 0.5952380952380952 0.6213624338624338
16 0.6056547619047619 0.5866402116402116 0.6165674603174603 0.5866402116402116 0.6165674603174603 0.6216931216931217 0.6056547619047619 0.6216931216931217
14 0.6178075396825397 0.5859788359788359 0.628968253968254 0.5859788359788359 0.628968253968254 0.6213624338624338 0.6178075396825397 0.6213624338624338
14 0.6297123015873016 0.5853174603174603 0.6401289682539683 0.5853174603174603 0.6401289682539683 0.621031746031746 0.6297123015873016 0.621031746031746
14 0.6403769841269841 0.5843253968253969 0.6507936507936508 0.5843253968253969 0.6507936507936508 0.621031746031746 0.6403769841269841 0.621031746031746
14 0.6517857142857143 0.583994708994709 0.6639384920634921 0.583994708994709 0.6639384920634921 0.6216931216931217 0.6517857142857143 0.6216931216931217
5 0.6160714285714286 0.7278439153439153 0.6882440476190477 0.7278439153439153 0.6882440476190477 0.78505291005291 0.6160714285714286 0.78505291005291
27 0.7477678571428571 0.7433862433862434 0.8335813492063492 0.7433862433862434 0.8335813492063492 0.7853835978835979 0.7477678571428571 0.7853835978835979