18 0.21800595238095238 0.4599867724867725 0.2517361111111111 0.4599867724867725 0.2517361111111111 0.48974867724867727 0.21800595238095238 0.48974867724867727
18 0.25223214285714285 0.45866402116402116 0.2854662698412698 0.45866402116402116 0.2854662698412698 0.4894179894179894 0.25223214285714285 0.4894179894179894
18 0.2849702380952381 0.4593253968253968 0.3177083333333333 0.4593253968253968 0.3177083333333333 0.48908730158730157 0.2849702380952381 0.48908730158730157
18 0.31746031746031744 0.458994708994709 0.3509424603174603 0.458994708994709 0.3509424603174603 0.4887566137566138 0.31746031746031744 0.4887566137566138
7 0.16567460317460317 0.5066137566137566 0.18080357142857142 0.5066137566137566 0.18080357142857142 0.5472883597883598 0.16567460317460317 0.5472883597883598
7 0.17956349206349206 0.5059523809523809 0.19518849206349206 0.5059523809523809 0.19518849206349206 0.5466269841269841 0.17956349206349206 0.5466269841269841
7 0.19345238095238096 0.5052910052910053 0.20907738095238096 0.5052910052910053 0.20907738095238096 0.546957671957672 0.19345238095238096 0.546957671957672
7 0.20808531746031747 0.5052910052910053 0.22395833333333334 0.5052910052910053 0.22395833333333334 0.546957671957672 0.20808531746031747 0.546957671957672
19 0.3306051587301587 0.5016534391534392 0.3444940476190476 0.5016534391534392 0.3444940476190476 0.542989417989418 0.3306051587301587 0.542989417989418
19 0.34399801587301587 0.5016534391534392 0.3586309523809524 0.5016534391534392 0.3586309523809524 0.5419973544973545 0.34399801587301587 0.5419973544973545
19 0.3576388888888889 0.5009920634920635 0.3712797619047619 0.5009920634920635 0.3712797619047619 0.5416666666666666 0.3576388888888889 0.5416666666666666
19 0.3707837301587302 0.5016534391534392 0.38566468253968256 0.5016534391534392 0.38566468253968256 0.5419973544973545 0.3707837301587302 0.5419973544973545
17 0.16939484126984128 0.6117724867724867 0.1827876984126984 0.6117724867724867 0.1827876984126984 0.6421957671957672 0.16939484126984128 0.6421957671957672
17 0.18229166666666666 0.6124338624338624 0.19692460317460317 0.6124338624338624 0.19692460317460317 0.6428571428571429 0.18229166666666666 0.6428571428571429
28 0.3412698412698413 0.6547619047619048 0.35342261904761907 0.6547619047619048 0.35342261904761907 0.6775793650793651 0.3412698412698413 0.6775793650793651
29 0.35441468253968256 0.6587301587301587 0.3648313492063492 0.6587301587301587 0.3648313492063492 0.6775793650793651 0.35441468253968256 0.6775793650793651
30 0.3658234126984127 0.6656746031746031 0.37624007936507936 0.6656746031746031 0.37624007936507936 0.6722883597883598 0.3658234126984127 0.6722883597883598
30 0.36607142857142855 0.6726190476190477 0.37648809523809523 0.6726190476190477 0.37648809523809523 0.6792328042328042 0.36607142857142855 0.6792328042328042
30 0.36706349206349204 0.6554232804232805 0.37624007936507936 0.6554232804232805 0.37624007936507936 0.6623677248677249 0.36706349206349204 0.6623677248677249
30 0.3685515873015873 0.6498015873015873 0.3792162698412698 0.6498015873015873 0.3792162698412698 0.6557539682539683 0.3685515873015873 0.6557539682539683
32 0.14384920634920634 0.7000661375661376 0.17981150793650794 0.7000661375661376 0.17981150793650794 0.7473544973544973 0.14384920634920634 0.7473544973544973
31 0.1728670634920635 0.7113095238095238 0.2058531746031746 0.7113095238095238 0.2058531746031746 0.7470238095238095 0.1728670634920635 0.7470238095238095
31 0.17559523809523808 0.7060185185185185 0.20560515873015872 0.7060185185185185 0.20560515873015872 0.7116402116402116 0.17559523809523808 0.7116402116402116
9 0.36507936507936506 0.7116402116402116 0.37351190476190477 0.7116402116402116 0.37351190476190477 0.7420634920634921 0.36507936507936506 0.7420634920634921
9 0.37276785714285715 0.7106481481481481 0.38244047619047616 0.7106481481481481 0.38244047619047616 0.7414021164021164 0.37276785714285715 0.7414021164021164
9 0.38293650793650796 0.7109788359788359 0.3913690476190476 0.7109788359788359 0.3913690476190476 0.7417328042328042 0.38293650793650796 0.7417328042328042
20 0.14905753968253968 0.7615740740740741 0.1684027777777778 0.7615740740740741 0.1684027777777778 0.8194444444444444 0.14905753968253968 0.8194444444444444
20 0.1671626984126984 0.7615740740740741 0.1857638888888889 0.7615740740740741 0.1857638888888889 0.8181216931216931 0.1671626984126984 0.8181216931216931
20 0.18427579365079366 0.7599206349206349 0.20188492063492064 0.7599206349206349 0.20188492063492064 0.8171296296296297 0.18427579365079366 0.8171296296296297
20 0.2013888888888889 0.7599206349206349 0.21875 0.7599206349206349 0.21875 0.816468253968254 0.2013888888888889 0.816468253968254
20 0.21750992063492064 0.7592592592592593 0.23487103174603174 0.7592592592592593 0.23487103174603174 0.8158068783068783 0.21750992063492064 0.8158068783068783
20 0.23412698412698413 0.7582671957671958 0.2524801587301587 0.7582671957671958 0.2524801587301587 0.8158068783068783 0.23412698412698413 0.8158068783068783
21 0.25793650793650796 0.7602513227513228 0.27802579365079366 0.7602513227513228 0.27802579365079366 0.8154761904761905 0.25793650793650796 0.8154761904761905
21 0.27827380952380953 0.7599206349206349 0.29737103174603174 0.7599206349206349 0.29737103174603174 0.8138227513227513 0.27827380952380953 0.8138227513227513
21 0.29737103174603174 0.7582671957671958 0.31721230158730157 0.7582671957671958 0.31721230158730157 0.8128306878306878 0.29737103174603174 0.8128306878306878
21 0.3167162698412698 0.7582671957671958 0.3365575396825397 0.7582671957671958 0.3365575396825397 0.8121693121693122 0.3167162698412698 0.8121693121693122
21 0.3365575396825397 0.7576058201058201 0.357390873015873 0.7576058201058201 0.357390873015873 0.8111772486772487 0.3365575396825397 0.8111772486772487
25 0.4419642857142857 0.38756613756613756 0.45535714285714285 0.38756613756613756 0.45535714285714285 0.4236111111111111 0.4419642857142857 0.4236111111111111
25 0.455109126984127 0.3872354497354497 0.46750992063492064 0.3872354497354497 0.46750992063492064 0.42294973544973546 0.455109126984127 0.42294973544973546
25 0.46726190476190477 0.38756613756613756 0.47941468253968256 0.38756613756613756 0.47941468253968256 0.42294973544973546 0.46726190476190477 0.42294973544973546
25 0.4799107142857143 0.38756613756613756 0.49231150793650796 0.38756613756613756 0.49231150793650796 0.42294973544973546 0.4799107142857143 0.42294973544973546
25 0.4017857142857143 0.6005291005291006 0.41418650793650796 0.6005291005291006 0.41418650793650796 0.6369047619047619 0.4017857142857143 0.6369047619047619
25 0.41443452380952384 0.5998677248677249 0.42658730158730157 0.5998677248677249 0.42658730158730157 0.6359126984126984 0.41443452380952384 0.6359126984126984
25 0.42658730158730157 0.5995370370370371 0.43874007936507936 0.5995370370370371 0.43874007936507936 0.6349206349206349 0.42658730158730157 0.6349206349206349
25 0.43898809523809523 0.5995370370370371 0.4523809523809524 0.5995370370370371 0.4523809523809524 0.6359126984126984 0.43898809523809523 0.6359126984126984
23 0.4975198412698413 0.3740079365079365 0.5166170634920635 0.3740079365079365 0.5166170634920635 0.42328042328042326 0.4975198412698413 0.42328042328042326
23 0.5173611111111112 0.37367724867724866 0.535218253968254 0.37367724867724866 0.535218253968254 0.42162698412698413 0.5173611111111112 0.42162698412698413
22 0.5354662698412699 0.38591269841269843 0.5505952380952381 0.38591269841269843 0.5505952380952381 0.421957671957672 0.5354662698412699 0.421957671957672
22 0.5505952380952381 0.3862433862433862 0.5667162698412699 0.3862433862433862 0.5667162698412699 0.4212962962962963 0.5505952380952381 0.4212962962962963
22 0.566468253968254 0.3855820105820106 0.5808531746031746 0.3855820105820106 0.5808531746031746 0.42063492063492064 0.566468253968254 0.42063492063492064
22 0.5806051587301587 0.42063492063492064 0.5808531746031746 0.42063492063492064 0.5808531746031746 0.4212962962962963 0.5806051587301587 0.4212962962962963
27 0.5863095238095238 0.39285714285714285 0.6535218253968254 0.39285714285714285 0.6535218253968254 0.4212962962962963 0.5863095238095238 0.4212962962962963
27 0.6527777777777778 0.39186507936507936 0.7185019841269841 0.39186507936507936 0.7185019841269841 0.41865079365079366 0.6527777777777778 0.41865079365079366
12 0.3933531746031746 0.4503968253968254 0.4079861111111111 0.4503968253968254 0.4079861111111111 0.4894179894179894 0.3933531746031746 0.4894179894179894
13 0.4117063492063492 0.4494047619047619 0.4253472222222222 0.4494047619047619 0.4253472222222222 0.48908730158730157 0.4117063492063492 0.48908730158730157
13 0.4246031746031746 0.4494047619047619 0.43774801587301587 0.4494047619047619 0.43774801587301587 0.4894179894179894 0.4246031746031746 0.4894179894179894
13 0.43700396825396826 0.4487433862433862 0.4503968253968254 0.4487433862433862 0.4503968253968254 0.48908730158730157 0.43700396825396826 0.48908730158730157
10 0.47172619047619047 0.44246031746031744 0.48586309523809523 0.44246031746031744 0.48586309523809523 0.4894179894179894 0.47172619047619047 0.4894179894179894
10 0.4853670634920635 0.44246031746031744 0.49950396825396826 0.44246031746031744 0.49950396825396826 0.4887566137566138 0.4853670634920635 0.4887566137566138
10 0.4992559523809524 0.44212962962962965 0.5121527777777778 0.44212962962962965 0.5121527777777778 0.4894179894179894 0.4992559523809524 0.4894179894179894
10 0.511656746031746 0.4417989417989418 0.5255456349206349 0.4417989417989418 0.5255456349206349 0.48842592592592593 0.511656746031746 0.48842592592592593
10 0.5255456349206349 0.4408068783068783 0.5376984126984127 0.4408068783068783 0.5376984126984127 0.4877645502645503 0.5255456349206349 0.4877645502645503
8 0.5386904761904762 0.44543650793650796 0.5513392857142857 0.44543650793650796 0.5513392857142857 0.4880952380952381 0.5386904761904762 0.4880952380952381
8 0.5513392857142857 0.44642857142857145 0.5647321428571429 0.44642857142857145 0.5647321428571429 0.48743386243386244 0.5513392857142857 0.48743386243386244
8 0.5639880952380952 0.44642857142857145 0.5758928571428571 0.44642857142857145 0.5758928571428571 0.4877645502645503 0.5639880952380952 0.4877645502645503
1 0.5763888888888888 0.4451058201058201 0.5887896825396826 0.4451058201058201 0.5887896825396826 0.4871031746031746 0.5763888888888888 0.4871031746031746
1 0.5890376984126984 0.4451058201058201 0.6019345238095238 0.4451058201058201 0.6019345238095238 0.4871031746031746 0.5890376984126984 0.4871031746031746
1 0.6029265873015873 0.4451058201058201 0.6160714285714286 0.4451058201058201 0.6160714285714286 0.48677248677248675 0.6029265873015873 0.48677248677248675
2 0.6158234126984127 0.4398148148148148 0.6307043650793651 0.4398148148148148 0.6307043650793651 0.48677248677248675 0.6158234126984127 0.48677248677248675
2 0.6304563492063492 0.43882275132275134 0.6443452380952381 0.43882275132275134 0.6443452380952381 0.4861111111111111 0.6304563492063492 0.4861111111111111
26 0.4320436507936508 0.5033068783068783 0.4444444444444444 0.5033068783068783 0.4444444444444444 0.541005291005291 0.4320436507936508 0.541005291005291
24 0.44419642857142855 0.5036375661375662 0.4575892857142857 0.5036375661375662 0.4575892857142857 0.5406746031746031 0.44419642857142855 0.5406746031746031
24 0.45709325396825395 0.5042989417989417 0.4694940476190476 0.5042989417989417 0.4694940476190476 0.5400132275132276 0.45709325396825395 0.5400132275132276
24 0.46924603174603174 0.5042989417989417 0.4806547619047619 0.5042989417989417 0.4806547619047619 0.5400132275132276 0.46924603174603174 0.5400132275132276
24 0.4806547619047619 0.5042989417989417 0.49330357142857145 0.5042989417989417 0.49330357142857145 0.5400132275132276 0.4806547619047619 0.5400132275132276
24 0.49330357142857145 0.5036375661375662 0.5057043650793651 0.5036375661375662 0.5057043650793651 0.5396825396825397 0.49330357142857145 0.5396825396825397
24 0.5059523809523809 0.503968253968254 0.519593253968254 0.503968253968254 0.519593253968254 0.5400132275132276 0.5059523809523809 0.5400132275132276
4 0.5215773809523809 0.5029761904761905 0.5349702380952381 0.5029761904761905 0.5349702380952381 0.5386904761904762 0.5215773809523809 0.5386904761904762
4 0.5349702380952381 0.501984126984127 0.5491071428571429 0.501984126984127 0.5491071428571429 0.5400132275132276 0.5349702380952381 0.5400132275132276
4 0.5491071428571429 0.501984126984127 0.5622519841269841 0.501984126984127 0.5622519841269841 0.5400132275132276 0.5491071428571429 0.5400132275132276
4 0.5620039682539683 0.5016534391534392 0.5756448412698413 0.5016534391534392 0.5756448412698413 0.5396825396825397 0.5620039682539683 0.5396825396825397
4 0.5749007936507936 0.5009920634920635 0.5890376984126984 0.5009920634920635 0.5890376984126984 0.5396825396825397 0.5749007936507936 0.5396825396825397
11 0.5892857142857143 0.49537037037037035 0.6021825396825397 0.49537037037037035 0.6021825396825397 0.53505291005291 0.5892857142857143 0.53505291005291
11 0.6029265873015873 0.49702380952380953 0.6153273809523809 0.49702380952380953 0.6153273809523809 0.5357142857142857 0.6029265873015873 0.5357142857142857
11 0.6148313492063492 0.4966931216931217 0.6279761904761905 0.4966931216931217 0.6279761904761905 0.5360449735449735 0.6148313492063492 0.5360449735449735
11 0.6282242063492064 0.4966931216931217 0.6408730158730159 0.4966931216931217 0.6408730158730159 0.5363756613756614 0.6282242063492064 0.5363756613756614
15 0.47842261904761907 0.5558862433862434 0.4905753968253968 0.5558862433862434 0.4905753968253968 0.5925925925925926 0.47842261904761907 0.5925925925925926
15 0.4908234126984127 0.5558862433862434 0.5037202380952381 0.5558862433862434 0.5037202380952381 0.5925925925925926 0.4908234126984127 0.5925925925925926
15 0.5037202380952381 0.5555555555555556 0.5173611111111112 0.5555555555555556 0.5173611111111112 0.5925925925925926 0.5037202380952381 0.5925925925925926
15 0.5158730158730159 0.5548941798941799 0.5295138888888888 0.5548941798941799 0.5295138888888888 0.593584656084656 0.5158730158730159 0.593584656084656
15 0.529265873015873 0.5542328042328042 0.5416666666666666 0.5542328042328042 0.5416666666666666 0.5916005291005291 0.529265873015873 0.5916005291005291
15 0.5414186507936508 0.5535714285714286 0.5535714285714286 0.5535714285714286 0.5535714285714286 0.5916005291005291 0.5414186507936508 0.5916005291005291
16 0.470734126984127 0.6468253968253969 0.4781746031746032 0.6468253968253969 0.4781746031746032 0.6752645502645502 0.470734126984127 0.6752645502645502
16 0.4779265873015873 0.646494708994709 0.48586309523809523 0.646494708994709 0.48586309523809523 0.6749338624338624 0.4779265873015873 0.6749338624338624
16 0.48561507936507936 0.6468253968253969 0.4937996031746032 0.6468253968253969 0.4937996031746032 0.6752645502645502 0.48561507936507936 0.6752645502645502
16 0.4935515873015873 0.6468253968253969 0.5022321428571429 0.6468253968253969 0.5022321428571429 0.6749338624338624 0.4935515873015873 0.6749338624338624
16 0.5022321428571429 0.6468253968253969 0.5101686507936508 0.6468253968253969 0.5101686507936508 0.6752645502645502 0.5022321428571429 0.6752645502645502
16 0.5109126984126984 0.6468253968253969 0.519593253968254 0.6468253968253969 0.519593253968254 0.6742724867724867 0.5109126984126984 0.6742724867724867
16 0.5193452380952381 0.6461640211640212 0.5280257936507936 0.6461640211640212 0.5280257936507936 0.6742724867724867 0.5193452380952381 0.6742724867724867
14 0.5287698412698413 0.6458333333333334 0.5379464285714286 0.6458333333333334 0.5379464285714286 0.6746031746031746 0.5287698412698413 0.6746031746031746
14 0.5379464285714286 0.6458333333333334 0.5466269841269841 0.6458333333333334 0.5466269841269841 0.6742724867724867 0.5379464285714286 0.6742724867724867
14 0.5471230158730159 0.6458333333333334 0.5553075396825397 0.6458333333333334 0.5553075396825397 0.6742724867724867 0.5471230158730159 0.6742724867724867
14 0.5558035714285714 0.6451719576719577 0.5654761904761905 0.6451719576719577 0.5654761904761905 0.673941798941799 0.5558035714285714 0.673941798941799
5 0.5329861111111112 0.7542989417989417 0.5868055555555556 0.7542989417989417 0.5868055555555556 0.8029100529100529 0.5329861111111112 0.8029100529100529
27 0.6371527777777778 0.7671957671957672 0.7018849206349206 0.7671957671957672 0.7018849206349206 0.8012566137566137 0.6371527777777778 0.8012566137566137