24 0 0.15625 0.09093915343915344 0.15625 0.09093915343915344 0.30778769841269843 0 0.30778769841269843
24 0.09093915343915344 0.15500992063492064 0.1917989417989418 0.15500992063492064 0.1917989417989418 0.30753968253968256 0.09093915343915344 0.30753968253968256
24 0.19014550264550265 0.15128968253968253 0.28273809523809523 0.15128968253968253 0.28273809523809523 0.3062996031746032 0.19014550264550265 0.3062996031746032
24 0.28935185185185186 0.15128968253968253 0.3968253968253968 0.15128968253968253 0.3968253968253968 0.298859126984127 0.28935185185185186 0.298859126984127
24 0.3968253968253968 0.1463293650793651 0.5042989417989417 0.1463293650793651 0.5042989417989417 0.30009920634920634 0.3968253968253968 0.30009920634920634
4 0.52744708994709 0.1388888888888889 0.646494708994709 0.1388888888888889 0.646494708994709 0.2976190476190476 0.52744708994709 0.2976190476190476
4 0.6431878306878307 0.1277281746031746 0.7705026455026455 0.1277281746031746 0.7705026455026455 0.29662698412698413 0.6431878306878307 0.29662698412698413
4 0.7622354497354498 0.12276785714285714 0.8961640211640212 0.12276785714285714 0.8961640211640212 0.29637896825396826 0.7622354497354498 0.29637896825396826
4 0.8912037037037037 0.11904761904761904 1 0.11904761904761904 1 0.29389880952380953 0.8912037037037037 0.29389880952380953
10 0.12566137566137567 0 0.23809523809523808 0 0.23809523809523808 0.0744047619047619 0.12566137566137567 0.0744047619047619
10 0.23809523809523808 0 0.3373015873015873 0 0.3373015873015873 0.07192460317460317 0.23809523809523808 0.07192460317460317
10 0.3323412698412698 0 0.4480820105820106 0 0.4480820105820106 0.05952380952380952 0.3323412698412698 0.05952380952380952
10 0.4497354497354497 0 0.5539021164021164 0 0.5539021164021164 0.06324404761904762 0.4497354497354497 0.06324404761904762
10 0.560515873015873 0 0.6712962962962963 0 0.6712962962962963 0.10664682539682539 0.560515873015873 0.10664682539682539
15 0.14054232804232805 0.3931051587301587 0.24801587301587302 0.3931051587301587 0.24801587301587302 0.5679563492063492 0.14054232804232805 0.5679563492063492
15 0.2447089947089947 0.39186507936507936 0.35714285714285715 0.39186507936507936 0.35714285714285715 0.5679563492063492 0.2447089947089947 0.5679563492063492
15 0.3505291005291005 0.3881448412698413 0.4646164021164021 0.3881448412698413 0.4646164021164021 0.5679563492063492 0.3505291005291005 0.5679563492063492
15 0.46296296296296297 0.38566468253968256 0.5787037037037037 0.38566468253968256 0.5787037037037037 0.5704365079365079 0.46296296296296297 0.5704365079365079
15 0.5803571428571429 0.3869047619047619 0.6977513227513228 0.3869047619047619 0.6977513227513228 0.5691964285714286 0.5803571428571429 0.5691964285714286
15 0.6977513227513228 0.3844246031746032 0.8184523809523809 0.3844246031746032 0.8184523809523809 0.574156746031746 0.6977513227513228 0.574156746031746
16 0.044642857142857144 0.8506944444444444 0.10912698412698413 0.8506944444444444 0.10912698412698413 1 0.044642857142857144 1
16 0.11243386243386243 0.8531746031746031 0.18022486772486773 0.8531746031746031 0.18022486772486773 1 0.11243386243386243 1
16 0.18353174603174602 0.8544146825396826 0.2562830687830688 0.8544146825396826 0.2562830687830688 1 0.18353174603174602 1
16 0.25297619047619047 0.8606150793650794 0.32572751322751325 0.8606150793650794 0.32572751322751325 1 0.25297619047619047 1
16 0.32242063492063494 0.8581349206349206 0.40674603174603174 0.8581349206349206 0.40674603174603174 1 0.32242063492063494 1
16 0.3951719576719577 0.8630952380952381 0.48115079365079366 0.8630952380952381 0.48115079365079366 1 0.3951719576719577 1
16 0.4794973544973545 0.873015873015873 0.5671296296296297 0.873015873015873 0.5671296296296297 1 0.4794973544973545 1
14 0.5853174603174603 0.8705357142857143 0.6746031746031746 0.8705357142857143 0.6746031746031746 1 0.5853174603174603 1
14 0.6795634920634921 0.8854166666666666 0.7671957671957672 0.8854166666666666 0.7671957671957672 1 0.6795634920634921 1
14 0.7671957671957672 0.8854166666666666 0.8630952380952381 0.8854166666666666 0.8630952380952381 1 0.7671957671957672 1
14 0.8578042328042328 0.8809523809523809 0.9556878306878307 0.8809523809523809 0.9556878306878307 1 0.8578042328042328 1