6 0.2088293650793651 0.5257936507936508 0.21502976190476192 0.5257936507936508 0.21502976190476192 0.5456349206349206 0.2088293650793651 0.5456349206349206
6 0.21502976190476192 0.5251322751322751 0.22073412698412698 0.5251322751322751 0.22073412698412698 0.5459656084656085 0.21502976190476192 0.5459656084656085
0 0.2316468253968254 0.5254629629629629 0.2378472222222222 0.5254629629629629 0.2378472222222222 0.5456349206349206 0.2316468253968254 0.5456349206349206
0 0.23809523809523808 0.5251322751322751 0.24454365079365079 0.5251322751322751 0.24454365079365079 0.5459656084656085 0.23809523809523808 0.5459656084656085
0 0.24479166666666666 0.5257936507936508 0.25024801587301587 0.5257936507936508 0.25024801587301587 0.5456349206349206 0.24479166666666666 0.5456349206349206
0 0.25024801587301587 0.5254629629629629 0.2552083333333333 0.5254629629629629 0.2552083333333333 0.5456349206349206 0.25024801587301587 0.5456349206349206
18 0.3239087301587302 0.43287037037037035 0.3501984126984127 0.43287037037037035 0.3501984126984127 0.4566798941798942 0.3239087301587302 0.4566798941798942
18 0.3492063492063492 0.4322089947089947 0.37524801587301587 0.4322089947089947 0.37524801587301587 0.4556878306878307 0.3492063492063492 0.4556878306878307
18 0.37475198412698413 0.43187830687830686 0.40054563492063494 0.43187830687830686 0.40054563492063494 0.4556878306878307 0.37475198412698413 0.4556878306878307
18 0.4000496031746032 0.4308862433862434 0.42509920634920634 0.4308862433862434 0.42509920634920634 0.455026455026455 0.4000496031746032 0.455026455026455
7 0.28100198412698413 0.4705687830687831 0.2914186507936508 0.4705687830687831 0.2914186507936508 0.5026455026455027 0.28100198412698413 0.5026455026455027
7 0.2914186507936508 0.4712301587301587 0.3023313492063492 0.4712301587301587 0.3023313492063492 0.5029761904761905 0.2914186507936508 0.5029761904761905
7 0.3020833333333333 0.4708994708994709 0.31274801587301587 0.4708994708994709 0.31274801587301587 0.503968253968254 0.3020833333333333 0.503968253968254
7 0.3134920634920635 0.4695767195767196 0.32514880952380953 0.4695767195767196 0.32514880952380953 0.5036375661375662 0.3134920634920635 0.5036375661375662
19 0.40773809523809523 0.46726190476190477 0.41889880952380953 0.46726190476190477 0.41889880952380953 0.5013227513227513 0.40773809523809523 0.5013227513227513
19 0.4181547619047619 0.4669312169312169 0.42931547619047616 0.4669312169312169 0.42931547619047616 0.5023148148148148 0.4181547619047619 0.5023148148148148
19 0.42931547619047616 0.4669312169312169 0.4399801587301587 0.4669312169312169 0.4399801587301587 0.5013227513227513 0.42931547619047616 0.5013227513227513
19 0.4402281746031746 0.46593915343915343 0.45163690476190477 0.46593915343915343 0.45163690476190477 0.5009920634920635 0.4402281746031746 0.5009920634920635
17 0.28125 0.5595238095238095 0.29092261904761907 0.5595238095238095 0.29092261904761907 0.5836640211640212 0.28125 0.5836640211640212
17 0.2896825396825397 0.5588624338624338 0.30158730158730157 0.5588624338624338 0.30158730158730157 0.5830026455026455 0.2896825396825397 0.5830026455026455
28 0.41443452380952384 0.5995370370370371 0.423859126984127 0.5995370370370371 0.423859126984127 0.6193783068783069 0.41443452380952384 0.6193783068783069
29 0.4236111111111111 0.6038359788359788 0.43253968253968256 0.6038359788359788 0.43253968253968256 0.6193783068783069 0.4236111111111111 0.6193783068783069
30 0.43353174603174605 0.6087962962962963 0.44320436507936506 0.6087962962962963 0.44320436507936506 0.6154100529100529 0.43353174603174605 0.6154100529100529
30 0.4330357142857143 0.6157407407407407 0.44320436507936506 0.6157407407407407 0.44320436507936506 0.6213624338624338 0.4330357142857143 0.6213624338624338
30 0.435515873015873 0.603505291005291 0.4429563492063492 0.603505291005291 0.4429563492063492 0.609457671957672 0.435515873015873 0.609457671957672
32 0.25744047619047616 0.6342592592592593 0.28794642857142855 0.6342592592592593 0.28794642857142855 0.6729497354497355 0.25744047619047616 0.6729497354497355
31 0.27901785714285715 0.6421957671957672 0.30357142857142855 0.6421957671957672 0.30357142857142855 0.6729497354497355 0.27901785714285715 0.6729497354497355
9 0.43278769841269843 0.6514550264550265 0.4399801587301587 0.6514550264550265 0.4399801587301587 0.6772486772486772 0.43278769841269843 0.6772486772486772
9 0.4384920634920635 0.6514550264550265 0.44717261904761907 0.6514550264550265 0.44717261904761907 0.6782407407407407 0.4384920634920635 0.6782407407407407
9 0.4469246031746032 0.6511243386243386 0.45461309523809523 0.6511243386243386 0.45461309523809523 0.6785714285714286 0.4469246031746032 0.6785714285714286
20 0.26091269841269843 0.6845238095238095 0.27331349206349204 0.6845238095238095 0.27331349206349204 0.7321428571428571 0.26091269841269843 0.7321428571428571
20 0.27356150793650796 0.6841931216931217 0.28621031746031744 0.6841931216931217 0.28621031746031744 0.7341269841269841 0.27356150793650796 0.7341269841269841
20 0.2864583333333333 0.6851851851851852 0.29985119047619047 0.6851851851851852 0.29985119047619047 0.7341269841269841 0.2864583333333333 0.7341269841269841
20 0.29985119047619047 0.6861772486772487 0.3125 0.6861772486772487 0.3125 0.7354497354497355 0.29985119047619047 0.7354497354497355
20 0.31274801587301587 0.6858465608465608 0.32514880952380953 0.6858465608465608 0.32514880952380953 0.7354497354497355 0.31274801587301587 0.7354497354497355
20 0.3253968253968254 0.6858465608465608 0.34226190476190477 0.6858465608465608 0.34226190476190477 0.7371031746031746 0.3253968253968254 0.7371031746031746
21 0.34424603174603174 0.6901455026455027 0.3601190476190476 0.6901455026455027 0.3601190476190476 0.7377645502645502 0.34424603174603174 0.7377645502645502
21 0.35987103174603174 0.6898148148148148 0.3759920634920635 0.6898148148148148 0.3759920634920635 0.7384259259259259 0.35987103174603174 0.7384259259259259
21 0.37648809523809523 0.6908068783068783 0.3913690476190476 0.6908068783068783 0.3913690476190476 0.7390873015873016 0.37648809523809523 0.7390873015873016
21 0.3913690476190476 0.6921296296296297 0.4069940476190476 0.6921296296296297 0.4069940476190476 0.7394179894179894 0.3913690476190476 0.7394179894179894
21 0.40674603174603174 0.6917989417989417 0.42658730158730157 0.6917989417989417 0.42658730158730157 0.7394179894179894 0.40674603174603174 0.7394179894179894
25 0.5007440476190477 0.3673941798941799 0.5119047619047619 0.3673941798941799 0.5119047619047619 0.3978174603174603 0.5007440476190477 0.3978174603174603
25 0.5109126984126984 0.36673280423280424 0.5220734126984127 0.36673280423280424 0.5220734126984127 0.3974867724867725 0.5109126984126984 0.3974867724867725
25 0.5213293650793651 0.36574074074074076 0.5329861111111112 0.36574074074074076 0.5329861111111112 0.39715608465608465 0.5213293650793651 0.39715608465608465
25 0.5329861111111112 0.36507936507936506 0.5443948412698413 0.36507936507936506 0.5443948412698413 0.3958333333333333 0.5329861111111112 0.3958333333333333
25 0.4642857142857143 0.5545634920634921 0.47445436507936506 0.5545634920634921 0.47445436507936506 0.583994708994709 0.4642857142857143 0.583994708994709
25 0.47470238095238093 0.5535714285714286 0.4851190476190476 0.5535714285714286 0.4851190476190476 0.5843253968253969 0.47470238095238093 0.5843253968253969
25 0.4853670634920635 0.5542328042328042 0.4957837301587302 0.5542328042328042 0.4957837301587302 0.5846560846560847 0.4853670634920635 0.5846560846560847
25 0.49528769841269843 0.5529100529100529 0.5091765873015873 0.5529100529100529 0.5091765873015873 0.5849867724867724 0.49528769841269843 0.5849867724867724
23 0.5493551587301587 0.3525132275132275 0.5649801587301587 0.3525132275132275 0.5649801587301587 0.3955026455026455 0.5493551587301587 0.3955026455026455
23 0.5652281746031746 0.3521825396825397 0.5815972222222222 0.3521825396825397 0.5815972222222222 0.3958333333333333 0.5652281746031746 0.3958333333333333
22 0.5808531746031746 0.3637566137566138 0.59375 0.3637566137566138 0.59375 0.39384920634920634 0.5808531746031746 0.39384920634920634
22 0.5942460317460317 0.3627645502645503 0.6078869047619048 0.3627645502645503 0.6078869047619048 0.39451058201058203 0.5942460317460317 0.39451058201058203
22 0.6078869047619048 0.36144179894179895 0.6222718253968254 0.36144179894179895 0.6222718253968254 0.3941798941798942 0.6078869047619048 0.3941798941798942
27 0.6279761904761905 0.36673280423280424 0.6889880952380952 0.36673280423280424 0.6889880952380952 0.39021164021164023 0.6279761904761905 0.39021164021164023
27 0.689484126984127 0.3637566137566138 0.7532242063492064 0.3637566137566138 0.7532242063492064 0.38955026455026454 0.689484126984127 0.38955026455026454
12 0.45882936507936506 0.4226190476190476 0.4729662698412698 0.4226190476190476 0.4729662698412698 0.45634920634920634 0.45882936507936506 0.45634920634920634
13 0.47371031746031744 0.42228835978835977 0.4851190476190476 0.42228835978835977 0.4851190476190476 0.45634920634920634 0.47371031746031744 0.45634920634920634
13 0.484375 0.421957671957672 0.4957837301587302 0.421957671957672 0.4957837301587302 0.45701058201058203 0.484375 0.45701058201058203
13 0.49503968253968256 0.42162698412698413 0.5064484126984127 0.42162698412698413 0.5064484126984127 0.45634920634920634 0.49503968253968256 0.45634920634920634
10 0.5250496031746031 0.41435185185185186 0.5369543650793651 0.41435185185185186 0.5369543650793651 0.45436507936507936 0.5250496031746031 0.45436507936507936
10 0.5359623015873016 0.414021164021164 0.5486111111111112 0.414021164021164 0.5486111111111112 0.4537037037037037 0.5359623015873016 0.4537037037037037
10 0.5483630952380952 0.414021164021164 0.560515873015873 0.414021164021164 0.560515873015873 0.4540343915343915 0.5483630952380952 0.4540343915343915
10 0.5602678571428571 0.4150132275132275 0.5719246031746031 0.4150132275132275 0.5719246031746031 0.4540343915343915 0.5602678571428571 0.4540343915343915
10 0.5716765873015873 0.4150132275132275 0.5848214285714286 0.4150132275132275 0.5848214285714286 0.45337301587301587 0.5716765873015873 0.45337301587301587
8 0.5845734126984127 0.41865079365079366 0.5949900793650794 0.41865079365079366 0.5949900793650794 0.45337301587301587 0.5845734126984127 0.45337301587301587
8 0.595734126984127 0.41798941798941797 0.6071428571428571 0.41798941798941797 0.6071428571428571 0.45171957671957674 0.595734126984127 0.45171957671957674
8 0.6068948412698413 0.4166666666666667 0.6185515873015873 0.4166666666666667 0.6185515873015873 0.45337301587301587 0.6068948412698413 0.45337301587301587
1 0.6183035714285714 0.416005291005291 0.6294642857142857 0.416005291005291 0.6294642857142857 0.4523809523809524 0.6183035714285714 0.4523809523809524
1 0.6297123015873016 0.41534391534391535 0.6413690476190477 0.41534391534391535 0.6413690476190477 0.4513888888888889 0.6297123015873016 0.4513888888888889
1 0.6408730158730159 0.414021164021164 0.6517857142857143 0.414021164021164 0.6517857142857143 0.45205026455026454 0.6408730158730159 0.45205026455026454
2 0.6547619047619048 0.41005291005291006 0.6686507936507936 0.41005291005291006 0.6686507936507936 0.45271164021164023 0.6547619047619048 0.45271164021164023
2 0.6684027777777778 0.4093915343915344 0.6817956349206349 0.4093915343915344 0.6817956349206349 0.4523809523809524 0.6684027777777778 0.4523809523809524
26 0.4888392857142857 0.4685846560846561 0.5002480158730159 0.4685846560846561 0.5002480158730159 0.5009920634920635 0.4888392857142857 0.5009920634920635
24 0.501984126984127 0.4695767195767196 0.5121527777777778 0.4695767195767196 0.5121527777777778 0.5013227513227513 0.501984126984127 0.5013227513227513
24 0.5121527777777778 0.4695767195767196 0.5233134920634921 0.4695767195767196 0.5233134920634921 0.5006613756613757 0.5121527777777778 0.5006613756613757
24 0.5225694444444444 0.4695767195767196 0.5334821428571429 0.4695767195767196 0.5334821428571429 0.5013227513227513 0.5225694444444444 0.5013227513227513
24 0.5329861111111112 0.46924603174603174 0.5443948412698413 0.46924603174603174 0.5443948412698413 0.5009920634920635 0.5329861111111112 0.5009920634920635
24 0.5436507936507936 0.4699074074074074 0.5553075396825397 0.4699074074074074 0.5553075396825397 0.5006613756613757 0.5436507936507936 0.5006613756613757
24 0.5548115079365079 0.4695767195767196 0.5669642857142857 0.4695767195767196 0.5669642857142857 0.5009920634920635 0.5548115079365079 0.5009920634920635
4 0.5687003968253969 0.4679232804232804 0.5811011904761905 0.4679232804232804 0.5811011904761905 0.5009920634920635 0.5687003968253969 0.5009920634920635
4 0.5808531746031746 0.4679232804232804 0.59375 0.4679232804232804 0.59375 0.5013227513227513 0.5808531746031746 0.5013227513227513
4 0.5932539682539683 0.46726190476190477 0.6059027777777778 0.46726190476190477 0.6059027777777778 0.5013227513227513 0.5932539682539683 0.5013227513227513
4 0.6051587301587301 0.4662698412698413 0.6185515873015873 0.4662698412698413 0.6185515873015873 0.501984126984127 0.6051587301587301 0.501984126984127
4 0.6185515873015873 0.4666005291005291 0.6321924603174603 0.4666005291005291 0.6321924603174603 0.5023148148148148 0.6185515873015873 0.5023148148148148
11 0.6331845238095238 0.46296296296296297 0.6443452380952381 0.46296296296296297 0.6443452380952381 0.5009920634920635 0.6331845238095238 0.5009920634920635
11 0.6436011904761905 0.46296296296296297 0.6560019841269841 0.46296296296296297 0.6560019841269841 0.5 0.6436011904761905 0.5
11 0.6560019841269841 0.4623015873015873 0.6681547619047619 0.4623015873015873 0.6681547619047619 0.5003306878306878 0.6560019841269841 0.5003306878306878
11 0.6671626984126984 0.46064814814814814 0.6808035714285714 0.46064814814814814 0.6808035714285714 0.5 0.6671626984126984 0.5
15 0.5310019841269841 0.5158730158730159 0.5409226190476191 0.5158730158730159 0.5409226190476191 0.5479497354497355 0.5310019841269841 0.5479497354497355
15 0.5404265873015873 0.5171957671957672 0.5523313492063492 0.5171957671957672 0.5523313492063492 0.5476190476190477 0.5404265873015873 0.5476190476190477
15 0.5518353174603174 0.5171957671957672 0.5639880952380952 0.5171957671957672 0.5639880952380952 0.5486111111111112 0.5518353174603174 0.5486111111111112
15 0.5639880952380952 0.5178571428571429 0.5753968253968254 0.5178571428571429 0.5753968253968254 0.5486111111111112 0.5639880952380952 0.5486111111111112
15 0.5749007936507936 0.5152116402116402 0.5868055555555556 0.5152116402116402 0.5868055555555556 0.548941798941799 0.5749007936507936 0.548941798941799
15 0.5863095238095238 0.5152116402116402 0.5999503968253969 0.5152116402116402 0.5999503968253969 0.5492724867724867 0.5863095238095238 0.5492724867724867
16 0.5243055555555556 0.5982142857142857 0.5310019841269841 0.5982142857142857 0.5310019841269841 0.6233465608465608 0.5243055555555556 0.6233465608465608
16 0.5310019841269841 0.5982142857142857 0.5381944444444444 0.5982142857142857 0.5381944444444444 0.6236772486772487 0.5310019841269841 0.6236772486772487
16 0.5384424603174603 0.5982142857142857 0.5456349206349206 0.5982142857142857 0.5456349206349206 0.6240079365079365 0.5384424603174603 0.6240079365079365
16 0.5446428571428571 0.5985449735449735 0.5518353174603174 0.5985449735449735 0.5518353174603174 0.6236772486772487 0.5446428571428571 0.6236772486772487
16 0.5523313492063492 0.5972222222222222 0.5597718253968254 0.5972222222222222 0.5597718253968254 0.6236772486772487 0.5523313492063492 0.6236772486772487
16 0.5595238095238095 0.5978835978835979 0.5669642857142857 0.5978835978835979 0.5669642857142857 0.6236772486772487 0.5595238095238095 0.6236772486772487
16 0.5672123015873016 0.59755291005291 0.576140873015873 0.59755291005291 0.576140873015873 0.625 0.5672123015873016 0.625
14 0.5773809523809523 0.5972222222222222 0.5848214285714286 0.5972222222222222 0.5848214285714286 0.6240079365079365 0.5773809523809523 0.6240079365079365
14 0.5848214285714286 0.5985449735449735 0.5927579365079365 0.5985449735449735 0.5927579365079365 0.625 0.5848214285714286 0.625
14 0.5930059523809523 0.5978835978835979 0.6009424603174603 0.5978835978835979 0.6009424603174603 0.6243386243386243 0.5930059523809523 0.6243386243386243
14 0.6009424603174603 0.5978835978835979 0.6091269841269841 0.5978835978835979 0.6091269841269841 0.6256613756613757 0.6009424603174603 0.6256613756613757
5 0.580109126984127 0.7093253968253969 0.6302083333333334 0.7093253968253969 0.6302083333333334 0.7533068783068783 0.580109126984127 0.7533068783068783
27 0.6872519841269841 0.7268518518518519 0.75 0.7268518518518519 0.75 0.7605820105820106 0.6872519841269841 0.7605820105820106