18 0.3117559523809524 0.330026455026455 0.3685515873015873 0.330026455026455 0.3685515873015873 0.38425925925925924 0.3117559523809524 0.38425925925925924
18 0.36830357142857145 0.3323412698412698 0.4211309523809524 0.3323412698412698 0.4211309523809524 0.3855820105820106 0.36830357142857145 0.3855820105820106
18 0.4211309523809524 0.33664021164021163 0.47098214285714285 0.33664021164021163 0.47098214285714285 0.3888888888888889 0.4211309523809524 0.3888888888888889
18 0.4704861111111111 0.34093915343915343 0.5173611111111112 0.34093915343915343 0.5173611111111112 0.3888888888888889 0.4704861111111111 0.3888888888888889
7 0.20808531746031747 0.40674603174603174 0.23586309523809523 0.40674603174603174 0.23586309523809523 0.4794973544973545 0.20808531746031747 0.4794973544973545
7 0.23561507936507936 0.4060846560846561 0.2631448412698413 0.4060846560846561 0.2631448412698413 0.47784391534391535 0.23561507936507936 0.47784391534391535
7 0.26264880952380953 0.4070767195767196 0.2881944444444444 0.4070767195767196 0.2881944444444444 0.47784391534391535 0.26264880952380953 0.47784391534391535
7 0.28720238095238093 0.40773809523809523 0.31299603174603174 0.40773809523809523 0.31299603174603174 0.4781746031746032 0.28720238095238093 0.4781746031746032
19 0.48115079365079366 0.41203703703703703 0.5059523809523809 0.41203703703703703 0.5059523809523809 0.47685185185185186 0.48115079365079366 0.47685185185185186
19 0.5064484126984127 0.41203703703703703 0.5252976190476191 0.41203703703703703 0.5252976190476191 0.4755291005291005 0.5064484126984127 0.4755291005291005
19 0.5250496031746031 0.4126984126984127 0.5438988095238095 0.4126984126984127 0.5438988095238095 0.4755291005291005 0.5250496031746031 0.4755291005291005
19 0.5434027777777778 0.41203703703703703 0.5632440476190477 0.41203703703703703 0.5632440476190477 0.4755291005291005 0.5434027777777778 0.4755291005291005
6 0 0.5353835978835979 0.014384920634920634 0.5353835978835979 0.014384920634920634 0.5863095238095238 0 0.5863095238095238
6 0.013640873015873016 0.5353835978835979 0.03298611111111111 0.5353835978835979 0.03298611111111111 0.5849867724867724 0.013640873015873016 0.5849867724867724
0 0.06770833333333333 0.5340608465608465 0.08630952380952381 0.5340608465608465 0.08630952380952381 0.5823412698412699 0.06770833333333333 0.5823412698412699
0 0.08630952380952381 0.5337301587301587 0.10515873015873016 0.5337301587301587 0.10515873015873016 0.582010582010582 0.08630952380952381 0.582010582010582
0 0.10714285714285714 0.5324074074074074 0.125 0.5324074074074074 0.125 0.5810185185185185 0.10714285714285714 0.5810185185185185
0 0.12475198412698413 0.531415343915344 0.14186507936507936 0.531415343915344 0.14186507936507936 0.5803571428571429 0.12475198412698413 0.5803571428571429
17 0.19990079365079366 0.6015211640211641 0.2261904761904762 0.6015211640211641 0.2261904761904762 0.6550925925925926 0.19990079365079366 0.6550925925925926
17 0.22668650793650794 0.5995370370370371 0.2544642857142857 0.5995370370370371 0.2544642857142857 0.6547619047619048 0.22668650793650794 0.6547619047619048
32 0.14955357142857142 0.7665343915343915 0.1949404761904762 0.7665343915343915 0.1949404761904762 0.8587962962962963 0.14955357142857142 0.8587962962962963
31 0.20362103174603174 0.7741402116402116 0.2614087301587302 0.7741402116402116 0.2614087301587302 0.8478835978835979 0.20362103174603174 0.8478835978835979
31 0.20337301587301587 0.7668650793650794 0.2594246031746032 0.7668650793650794 0.2594246031746032 0.781415343915344 0.20337301587301587 0.781415343915344
9 0.5205853174603174 0.7404100529100529 0.5347222222222222 0.7404100529100529 0.5347222222222222 0.7883597883597884 0.5205853174603174 0.7883597883597884
9 0.5342261904761905 0.7387566137566137 0.5466269841269841 0.7387566137566137 0.5466269841269841 0.7857142857142857 0.5342261904761905 0.7857142857142857
9 0.5461309523809523 0.7371031746031746 0.5602678571428571 0.7371031746031746 0.5602678571428571 0.7843915343915344 0.5461309523809523 0.7843915343915344
20 0.15476190476190477 0.8819444444444444 0.1902281746031746 0.8819444444444444 0.1902281746031746 0.9613095238095238 0.15476190476190477 0.9613095238095238
20 0.18898809523809523 0.8736772486772487 0.22271825396825398 0.8736772486772487 0.22271825396825398 0.9636243386243386 0.18898809523809523 0.9636243386243386
20 0.2222222222222222 0.8637566137566137 0.25396825396825395 0.8637566137566137 0.25396825396825395 0.9583333333333334 0.2222222222222222 0.9583333333333334
20 0.2527281746031746 0.8581349206349206 0.2854662698412698 0.8581349206349206 0.2854662698412698 0.9513888888888888 0.2527281746031746 0.9513888888888888
20 0.28422619047619047 0.8515211640211641 0.3134920634920635 0.8515211640211641 0.3134920634920635 0.9358465608465608 0.28422619047619047 0.9358465608465608
20 0.31374007936507936 0.8458994708994709 0.3427579365079365 0.8458994708994709 0.3427579365079365 0.9513888888888888 0.31374007936507936 0.9513888888888888
21 0.35193452380952384 0.8392857142857143 0.3864087301587302 0.8392857142857143 0.3864087301587302 0.9388227513227513 0.35193452380952384 0.9388227513227513
21 0.38591269841269843 0.8323412698412699 0.41716269841269843 0.8323412698412699 0.41716269841269843 0.9308862433862434 0.38591269841269843 0.9308862433862434
21 0.41617063492063494 0.8287037037037037 0.44642857142857145 0.8287037037037037 0.44642857142857145 0.9212962962962963 0.41617063492063494 0.9212962962962963
21 0.44642857142857145 0.8224206349206349 0.4751984126984127 0.8224206349206349 0.4751984126984127 0.9136904761904762 0.44642857142857145 0.9136904761904762
21 0.4742063492063492 0.8161375661375662 0.5042162698412699 0.8161375661375662 0.5042162698412699 0.91005291005291 0.4742063492063492 0.91005291005291
5 0.7043650793650794 0.771494708994709 0.7884424603174603 0.771494708994709 0.7884424603174603 0.8409391534391535 0.7043650793650794 0.8409391534391535
27 0.8368055555555556 0.7658730158730159 0.9047619047619048 0.7658730158730159 0.9047619047619048 0.8161375661375662 0.8368055555555556 0.8161375661375662
16 0.660218253968254 0.6299603174603174 0.6733630952380952 0.6299603174603174 0.6733630952380952 0.6696428571428571 0.660218253968254 0.6696428571428571
16 0.673859126984127 0.6299603174603174 0.6837797619047619 0.6299603174603174 0.6837797619047619 0.6709656084656085 0.673859126984127 0.6709656084656085
16 0.6845238095238095 0.6283068783068783 0.6941964285714286 0.6283068783068783 0.6941964285714286 0.667989417989418 0.6845238095238095 0.667989417989418
16 0.6941964285714286 0.6273148148148148 0.703125 0.6273148148148148 0.703125 0.667989417989418 0.6941964285714286 0.667989417989418
16 0.7023809523809523 0.6266534391534392 0.7110615079365079 0.6266534391534392 0.7110615079365079 0.6646825396825397 0.7023809523809523 0.6646825396825397
16 0.7098214285714286 0.6253306878306878 0.7197420634920635 0.6253306878306878 0.7197420634920635 0.6656746031746031 0.7098214285714286 0.6656746031746031
16 0.7185019841269841 0.6240079365079365 0.7289186507936508 0.6240079365079365 0.7289186507936508 0.6636904761904762 0.7185019841269841 0.6636904761904762
14 0.7294146825396826 0.6203703703703703 0.7418154761904762 0.6203703703703703 0.7418154761904762 0.6620370370370371 0.7294146825396826 0.6620370370370371
14 0.7428075396825397 0.6197089947089947 0.7542162698412699 0.6197089947089947 0.7542162698412699 0.6617063492063492 0.7428075396825397 0.6617063492063492
14 0.7529761904761905 0.6193783068783069 0.7646329365079365 0.6193783068783069 0.7646329365079365 0.6603835978835979 0.7529761904761905 0.6603835978835979
14 0.7633928571428571 0.6190476190476191 0.7733134920634921 0.6190476190476191 0.7733134920634921 0.6597222222222222 0.7633928571428571 0.6597222222222222
25 0.5729166666666666 0.5631613756613757 0.595734126984127 0.5631613756613757 0.595734126984127 0.6197089947089947 0.5729166666666666 0.6197089947089947
25 0.5944940476190477 0.5634920634920635 0.611359126984127 0.5634920634920635 0.611359126984127 0.6177248677248677 0.5944940476190477 0.6177248677248677
25 0.6121031746031746 0.5634920634920635 0.626984126984127 0.5634920634920635 0.626984126984127 0.6173941798941799 0.6121031746031746 0.6173941798941799
25 0.6257440476190477 0.5615079365079365 0.6428571428571429 0.5615079365079365 0.6428571428571429 0.6157407407407407 0.6257440476190477 0.6157407407407407
15 0.667906746031746 0.49933862433862436 0.6922123015873016 0.49933862433862436 0.6922123015873016 0.5505952380952381 0.667906746031746 0.5505952380952381
15 0.6912202380952381 0.4990079365079365 0.7093253968253969 0.4990079365079365 0.7093253968253969 0.5496031746031746 0.6912202380952381 0.5496031746031746
15 0.7090773809523809 0.49867724867724866 0.7239583333333334 0.49867724867724866 0.7239583333333334 0.5502645502645502 0.7090773809523809 0.5502645502645502
15 0.7234623015873016 0.498015873015873 0.7390873015873016 0.498015873015873 0.7390873015873016 0.5482804232804233 0.7234623015873016 0.5482804232804233
15 0.7378472222222222 0.49867724867724866 0.7527281746031746 0.49867724867724866 0.7527281746031746 0.546957671957672 0.7378472222222222 0.546957671957672
15 0.7512400793650794 0.49702380952380953 0.7658730158730159 0.49702380952380953 0.7658730158730159 0.5466269841269841 0.7512400793650794 0.5466269841269841
11 0.8092757936507936 0.41865079365079366 0.8283730158730159 0.41865079365079366 0.8283730158730159 0.4751984126984127 0.8092757936507936 0.4751984126984127
11 0.8273809523809523 0.41964285714285715 0.8410218253968254 0.41964285714285715 0.8410218253968254 0.4738756613756614 0.8273809523809523 0.4738756613756614
11 0.839781746031746 0.4183201058201058 0.8529265873015873 0.4183201058201058 0.8529265873015873 0.47354497354497355 0.839781746031746 0.47354497354497355
26 0.6175595238095238 0.41865079365079366 0.6361607142857143 0.41865079365079366 0.6361607142857143 0.4751984126984127 0.6175595238095238 0.4751984126984127
24 0.6376488095238095 0.4212962962962963 0.6535218253968254 0.4212962962962963 0.6535218253968254 0.4751984126984127 0.6376488095238095 0.4751984126984127
24 0.6530257936507936 0.4209656084656085 0.6688988095238095 0.4209656084656085 0.6688988095238095 0.47453703703703703 0.6530257936507936 0.47453703703703703
24 0.6693948412698413 0.4209656084656085 0.6847718253968254 0.4209656084656085 0.6847718253968254 0.4751984126984127 0.6693948412698413 0.4751984126984127
24 0.683531746031746 0.42228835978835977 0.6981646825396826 0.42228835978835977 0.6981646825396826 0.4751984126984127 0.683531746031746 0.4751984126984127
24 0.6986607142857143 0.42228835978835977 0.7130456349206349 0.42228835978835977 0.7130456349206349 0.4748677248677249 0.6986607142857143 0.4748677248677249
24 0.7132936507936508 0.42294973544973546 0.7281746031746031 0.42294973544973546 0.7281746031746031 0.4738756613756614 0.7132936507936508 0.4738756613756614
4 0.7301587301587301 0.4226190476190476 0.7462797619047619 0.4226190476190476 0.7462797619047619 0.4738756613756614 0.7301587301587301 0.4738756613756614
4 0.7457837301587301 0.42294973544973546 0.7614087301587301 0.42294973544973546 0.7614087301587301 0.47453703703703703 0.7457837301587301 0.47453703703703703
4 0.7606646825396826 0.4246031746031746 0.7762896825396826 0.4246031746031746 0.7762896825396826 0.4748677248677249 0.7606646825396826 0.4748677248677249
4 0.7752976190476191 0.42328042328042326 0.7896825396825397 0.42328042328042326 0.7896825396825397 0.4738756613756614 0.7752976190476191 0.4738756613756614
4 0.7889384920634921 0.42394179894179895 0.8035714285714286 0.42394179894179895 0.8035714285714286 0.4755291005291005 0.7889384920634921 0.4755291005291005
12 0.5726686507936508 0.33564814814814814 0.5952380952380952 0.33564814814814814 0.5952380952380952 0.3958333333333333 0.5726686507936508 0.3958333333333333
13 0.5959821428571429 0.33664021164021163 0.6190476190476191 0.33664021164021163 0.6190476190476191 0.3958333333333333 0.5959821428571429 0.3958333333333333
13 0.6183035714285714 0.3392857142857143 0.6356646825396826 0.3392857142857143 0.6356646825396826 0.3974867724867725 0.6183035714285714 0.3974867724867725
13 0.6336805555555556 0.3386243386243386 0.6510416666666666 0.3386243386243386 0.6510416666666666 0.39715608465608465 0.6336805555555556 0.39715608465608465
10 0.6731150793650794 0.3316798941798942 0.6937003968253969 0.3316798941798942 0.6937003968253969 0.3974867724867725 0.6731150793650794 0.3974867724867725
10 0.6932043650793651 0.33201058201058203 0.7098214285714286 0.33201058201058203 0.7098214285714286 0.3998015873015873 0.6932043650793651 0.3998015873015873
10 0.7088293650793651 0.3343253968253968 0.7256944444444444 0.3343253968253968 0.7256944444444444 0.40046296296296297 0.7088293650793651 0.40046296296296297
10 0.7247023809523809 0.3343253968253968 0.7408234126984127 0.3343253968253968 0.7408234126984127 0.3998015873015873 0.7247023809523809 0.3998015873015873
8 0.7447916666666666 0.3455687830687831 0.7690972222222222 0.3455687830687831 0.7690972222222222 0.4011243386243386 0.7447916666666666 0.4011243386243386
8 0.7686011904761905 0.34656084656084657 0.7842261904761905 0.34656084656084657 0.7842261904761905 0.4021164021164021 0.7686011904761905 0.4021164021164021
8 0.7829861111111112 0.3468915343915344 0.7981150793650794 0.3468915343915344 0.7981150793650794 0.40145502645502645 0.7829861111111112 0.40145502645502645
1 0.7951388888888888 0.3478835978835979 0.8095238095238095 0.3478835978835979 0.8095238095238095 0.40244708994708994 0.7951388888888888 0.40244708994708994
1 0.8075396825396826 0.3478835978835979 0.8204365079365079 0.3478835978835979 0.8204365079365079 0.40343915343915343 0.8075396825396826 0.40343915343915343
1 0.8191964285714286 0.34854497354497355 0.8335813492063492 0.34854497354497355 0.8335813492063492 0.4041005291005291 0.8191964285714286 0.4041005291005291
2 0.8318452380952381 0.3429232804232804 0.8497023809523809 0.3429232804232804 0.8497023809523809 0.4041005291005291 0.8318452380952381 0.4041005291005291
2 0.8489583333333334 0.3435846560846561 0.8643353174603174 0.3435846560846561 0.8643353174603174 0.4031084656084656 0.8489583333333334 0.4031084656084656
25 0.6438492063492064 0.2443783068783069 0.6607142857142857 0.2443783068783069 0.6607142857142857 0.3005952380952381 0.6438492063492064 0.3005952380952381
25 0.6594742063492064 0.24702380952380953 0.6753472222222222 0.24702380952380953 0.6753472222222222 0.3012566137566138 0.6594742063492064 0.3012566137566138
25 0.6755952380952381 0.24867724867724866 0.6897321428571429 0.24867724867724866 0.6897321428571429 0.3005952380952381 0.6755952380952381 0.3005952380952381
25 0.6887400793650794 0.25066137566137564 0.7048611111111112 0.25066137566137564 0.7048611111111112 0.30324074074074076 0.6887400793650794 0.30324074074074076
23 0.7048611111111112 0.23511904761904762 0.7351190476190477 0.23511904761904762 0.7351190476190477 0.30522486772486773 0.7048611111111112 0.30522486772486773
23 0.734375 0.23743386243386244 0.7564484126984127 0.23743386243386244 0.7564484126984127 0.30886243386243384 0.734375 0.30886243386243384
22 0.7549603174603174 0.25826719576719576 0.7728174603174603 0.25826719576719576 0.7728174603174603 0.30853174603174605 0.7549603174603174 0.30853174603174605
22 0.7728174603174603 0.2612433862433862 0.7881944444444444 0.2612433862433862 0.7881944444444444 0.31084656084656087 0.7728174603174603 0.31084656084656087
22 0.7886904761904762 0.2619047619047619 0.8045634920634921 0.2619047619047619 0.8045634920634921 0.3148148148148148 0.7886904761904762 0.3148148148148148
27 0.8065476190476191 0.27744708994708994 0.8740079365079365 0.27744708994708994 0.8740079365079365 0.3194444444444444 0.8065476190476191 0.3194444444444444
27 0.8735119047619048 0.28505291005291006 0.9367559523809523 0.28505291005291006 0.9367559523809523 0.3253968253968254 0.8735119047619048 0.3253968253968254
28 0.4885912698412698 0.6541005291005291 0.5064484126984127 0.6541005291005291 0.5064484126984127 0.6917989417989417 0.4885912698412698 0.6917989417989417
29 0.5059523809523809 0.6587301587301587 0.5200892857142857 0.6587301587301587 0.5200892857142857 0.6891534391534392 0.5059523809523809 0.6891534391534392
30 0.5200892857142857 0.6673280423280423 0.5381944444444444 0.6673280423280423 0.5381944444444444 0.6798941798941799 0.5200892857142857 0.6798941798941799
30 0.5200892857142857 0.6779100529100529 0.5386904761904762 0.6779100529100529 0.5386904761904762 0.689484126984127 0.5200892857142857 0.689484126984127
30 0.5151289682539683 0.6531084656084656 0.5297619047619048 0.6531084656084656 0.5297619047619048 0.6653439153439153 0.5151289682539683 0.6653439153439153
30 0.5059523809523809 0.646494708994709 0.5213293650793651 0.646494708994709 0.5213293650793651 0.6554232804232805 0.5059523809523809 0.6554232804232805