6 0.05133928571428571 0.3568121693121693 0.15476190476190477 0.3568121693121693 0.15476190476190477 0.6656746031746031 0.05133928571428571 0.6656746031746031
6 0.14856150793650794 0.3548280423280423 0.2584325396825397 0.3548280423280423 0.2584325396825397 0.6703042328042328 0.14856150793650794 0.6703042328042328
6 0.24875992063492064 0.3521825396825397 0.3566468253968254 0.3521825396825397 0.3566468253968254 0.6683201058201058 0.24875992063492064 0.6683201058201058
6 0.35466269841269843 0.34953703703703703 0.45907738095238093 0.34953703703703703 0.45907738095238093 0.6656746031746031 0.35466269841269843 0.6656746031746031
0 0.4615575396825397 0.3501984126984127 0.5634920634920635 0.3501984126984127 0.5634920634920635 0.6663359788359788 0.4615575396825397 0.6663359788359788
0 0.5679563492063492 0.3445767195767196 0.6753472222222222 0.3445767195767196 0.6753472222222222 0.6650132275132276 0.5679563492063492 0.6650132275132276
0 0.6763392857142857 0.3412698412698413 0.7847222222222222 0.3412698412698413 0.7847222222222222 0.6603835978835979 0.6763392857142857 0.6603835978835979
0 0.7837301587301587 0.3386243386243386 0.9052579365079365 0.3386243386243386 0.9052579365079365 0.6656746031746031 0.7837301587301587 0.6656746031746031
9 0.5595238095238095 0.8042328042328042 0.669890873015873 0.8042328042328042 0.669890873015873 1 0.5595238095238095 1
9 0.6629464285714286 0.8048941798941799 0.7782738095238095 0.8048941798941799 0.7782738095238095 1 0.6629464285714286 1
9 0.7757936507936508 0.8048941798941799 0.8975694444444444 0.8048941798941799 0.8975694444444444 1 0.7757936507936508 1