25 0.01488095238095238 0.26537698412698413 0.15211640211640212 0.26537698412698413 0.15211640211640212 0.4191468253968254 0.01488095238095238 0.4191468253968254
23 0.14054232804232805 0.2095734126984127 0.2926587301587302 0.2095734126984127 0.2926587301587302 0.42782738095238093 0.14054232804232805 0.42782738095238093
23 0.28604497354497355 0.20833333333333334 0.4348544973544973 0.20833333333333334 0.4348544973544973 0.4290674603174603 0.28604497354497355 0.4290674603174603
22 0.4298941798941799 0.2740575396825397 0.5456349206349206 0.2740575396825397 0.5456349206349206 0.42782738095238093 0.4298941798941799 0.42782738095238093
22 0.5472883597883598 0.27157738095238093 0.6712962962962963 0.27157738095238093 0.6712962962962963 0.43526785714285715 0.5472883597883598 0.43526785714285715
22 0.6712962962962963 0.2740575396825397 0.796957671957672 0.2740575396825397 0.796957671957672 0.4340277777777778 0.6712962962962963 0.4340277777777778
10 0 0.49851190476190477 0.0744047619047619 0.49851190476190477 0.0744047619047619 0.6795634920634921 0 0.6795634920634921
10 0.06448412698412699 0.4972718253968254 0.16865079365079366 0.4972718253968254 0.16865079365079366 0.6832837301587301 0.06448412698412699 0.6832837301587301
10 0.16038359788359788 0.4972718253968254 0.26785714285714285 0.4972718253968254 0.26785714285714285 0.6882440476190477 0.16038359788359788 0.6882440476190477
10 0.25793650793650796 0.5009920634920635 0.37367724867724866 0.5009920634920635 0.37367724867724866 0.6919642857142857 0.25793650793650796 0.6919642857142857
10 0.37037037037037035 0.49107142857142855 0.45634920634920634 0.49107142857142855 0.45634920634920634 0.6659226190476191 0.37037037037037035 0.6659226190476191
8 0.4580026455026455 0.5307539682539683 0.5390211640211641 0.5307539682539683 0.5390211640211641 0.7056051587301587 0.4580026455026455 0.7056051587301587
8 0.5472883597883598 0.5319940476190477 0.6382275132275133 0.5319940476190477 0.6382275132275133 0.7018849206349206 0.5472883597883598 0.7018849206349206
8 0.6349206349206349 0.5295138888888888 0.7291666666666666 0.5295138888888888 0.7291666666666666 0.7056051587301587 0.6349206349206349 0.7056051587301587
1 0.7341269841269841 0.5257936507936508 0.8283730158730159 0.5257936507936508 0.8283730158730159 0.7105654761904762 0.7341269841269841 0.7105654761904762
1 0.8333333333333334 0.5357142857142857 0.9375 0.5357142857142857 0.9375 0.716765873015873 0.8333333333333334 0.716765873015873
1 0.9358465608465608 0.5419146825396826 1 0.5419146825396826 1 0.7180059523809523 0.9358465608465608 0.7180059523809523
24 0 0.7088293650793651 0.06845238095238096 0.7088293650793651 0.06845238095238096 0.8598710317460317 0 0.8598710317460317
24 0.060515873015873016 0.7145337301587301 0.15443121693121692 0.7145337301587301 0.15443121693121692 0.8618551587301587 0.060515873015873016 0.8618551587301587
24 0.14616402116402116 0.7155257936507936 0.23544973544973544 0.7155257936507936 0.23544973544973544 0.8658234126984127 0.14616402116402116 0.8658234126984127
24 0.22817460317460317 0.7214781746031746 0.328042328042328 0.7214781746031746 0.328042328042328 0.8779761904761905 0.22817460317460317 0.8779761904761905
4 0.330026455026455 0.7219742063492064 0.4279100529100529 0.7219742063492064 0.4279100529100529 0.8804563492063492 0.330026455026455 0.8804563492063492
4 0.4279100529100529 0.7249503968253969 0.5185185185185185 0.7249503968253969 0.5185185185185185 0.8864087301587301 0.4279100529100529 0.8864087301587301
4 0.5224867724867724 0.7301587301587301 0.6177248677248677 0.7301587301587301 0.6177248677248677 0.8950892857142857 0.5224867724867724 0.8950892857142857
4 0.6150793650793651 0.7336309523809523 0.7142857142857143 0.7336309523809523 0.7142857142857143 0.8980654761904762 0.6150793650793651 0.8980654761904762
4 0.708994708994709 0.7371031746031746 0.8151455026455027 0.7371031746031746 0.8151455026455027 0.9040178571428571 0.708994708994709 0.9040178571428571
11 0.8118386243386243 0.7219742063492064 0.8915343915343915 0.7219742063492064 0.8915343915343915 0.8687996031746031 0.8118386243386243 0.8687996031746031
11 0.9001322751322751 0.7420634920634921 1 0.7420634920634921 1 0.9126984126984127 0.9001322751322751 0.9126984126984127
15 0.05291005291005291 0.9181547619047619 0.13525132275132276 0.9181547619047619 0.13525132275132276 1 0.05291005291005291 1
15 0.1335978835978836 0.9503968253968254 0.21263227513227514 0.9503968253968254 0.21263227513227514 1 0.1335978835978836 1
15 0.20734126984126985 0.9548611111111112 0.29728835978835977 0.9548611111111112 0.29728835978835977 1 0.20734126984126985 1
15 0.2923280423280423 0.9558531746031746 0.3776455026455027 0.9558531746031746 0.3776455026455027 1 0.2923280423280423 1
15 0.3816137566137566 0.9099702380952381 0.46395502645502645 0.9099702380952381 0.46395502645502645 1 0.3816137566137566 1
15 0.46296296296296297 0.9126984126984127 0.5466269841269841 0.9126984126984127 0.5466269841269841 1 0.46296296296296297 1