23 0 0.29017857142857145 0.22817460317460317 0.29017857142857145 0.22817460317460317 0.7390873015873016 0 0.7390873015873016
22 0.11078042328042328 0.40054563492063494 0.398478835978836 0.40054563492063494 0.398478835978836 0.7378472222222222 0.11078042328042328 0.7378472222222222
22 0.37367724867724866 0.39806547619047616 0.6398809523809523 0.39806547619047616 0.6398809523809523 0.753968253968254 0.37367724867724866 0.753968253968254
22 0.6415343915343915 0.39558531746031744 0.9391534391534392 0.39558531746031744 0.9391534391534392 0.7638888888888888 0.6415343915343915 0.7638888888888888
10 0 0.78125 0.19675925925925927 0.78125 0.19675925925925927 1 0 1
10 0.15707671957671956 0.767609126984127 0.32242063492063494 0.767609126984127 0.32242063492063494 1 0.15707671957671956 1
8 0.2447089947089947 0.8482142857142857 0.44642857142857145 0.8482142857142857 0.44642857142857145 1 0.2447089947089947 1
8 0.3306878306878307 0.7728174603174603 0.4877645502645503 0.7728174603174603 0.4877645502645503 0.8658234126984127 0.3306878306878307 0.8658234126984127
8 0.4728835978835979 0.7765376984126984 0.6481481481481481 0.7765376984126984 0.6481481481481481 0.8707837301587301 0.4728835978835979 0.8707837301587301
8 0.4348544973544973 0.8608630952380952 0.6299603174603174 0.8608630952380952 0.6299603174603174 1 0.4348544973544973 1
8 0.6266534391534392 0.8732638888888888 0.8134920634920635 0.8732638888888888 0.8134920634920635 1 0.6266534391534392 1
1 0.8134920634920635 0.8720238095238095 1 0.8720238095238095 1 1 0.8134920634920635 1
1 0.8052248677248677 0.8025793650793651 0.9854497354497355 0.8025793650793651 0.9854497354497355 0.8869047619047619 0.8052248677248677 0.8869047619047619