7 0.2777777777777778 0.07564484126984126 0.35383597883597884 0.07564484126984126 0.35383597883597884 0.24553571428571427 0.2777777777777778 0.24553571428571427
7 0.3505291005291005 0.044642857142857144 0.4348544973544973 0.044642857142857144 0.4348544973544973 0.2244543650793651 0.3505291005291005 0.2244543650793651
7 0.42493386243386244 0.016121031746031748 0.5340608465608465 0.016121031746031748 0.5340608465608465 0.1996527777777778 0.42493386243386244 0.1996527777777778
7 0.5340608465608465 0 0.6398809523809523 0 0.6398809523809523 0.18353174603174602 0.5340608465608465 0.18353174603174602
17 0.2959656084656085 0.5250496031746031 0.3664021164021164 0.5250496031746031 0.3664021164021164 0.6378968253968254 0.2959656084656085 0.6378968253968254
17 0.35912698412698413 0.5218253968253969 0.44907407407407407 0.5218253968253969 0.44907407407407407 0.6398809523809523 0.35912698412698413 0.6398809523809523
32 0.12731481481481483 0.8360615079365079 0.3888888888888889 0.8360615079365079 0.3888888888888889 1 0.12731481481481483 1
31 0.27546296296296297 0.9166666666666666 0.4775132275132275 0.9166666666666666 0.4775132275132275 1 0.27546296296296297 1
31 0.3316798941798942 0.8921130952380952 0.5228174603174603 0.8921130952380952 0.5228174603174603 0.9556051587301587 0.3316798941798942 0.9556051587301587
0 0.01025132275132275 0.39533730158730157 0.041005291005291 0.39533730158730157 0.041005291005291 0.4749503968253968 0.01025132275132275 0.4749503968253968
0 0.041005291005291 0.392609126984127 0.07771164021164022 0.392609126984127 0.07771164021164022 0.4724702380952381 0.041005291005291 0.4724702380952381
0 0.0787037037037037 0.3896329365079365 0.1173941798941799 0.3896329365079365 0.1173941798941799 0.46899801587301587 0.0787037037037037 0.46899801587301587