18 0.32490079365079366 0.3958333333333333 0.357390873015873 0.3958333333333333 0.357390873015873 0.4246031746031746 0.32490079365079366 0.4246031746031746
18 0.3586309523809524 0.3951719576719577 0.3898809523809524 0.3951719576719577 0.3898809523809524 0.4252645502645503 0.3586309523809524 0.4252645502645503
18 0.3896329365079365 0.3948412698412698 0.42212301587301587 0.3948412698412698 0.42212301587301587 0.4255952380952381 0.3896329365079365 0.4255952380952381
18 0.42237103174603174 0.39451058201058203 0.45610119047619047 0.39451058201058203 0.45610119047619047 0.4246031746031746 0.42237103174603174 0.4246031746031746
7 0.27331349206349204 0.4427910052910053 0.2884424603174603 0.4427910052910053 0.2884424603174603 0.4828042328042328 0.27331349206349204 0.4828042328042328
7 0.2864583333333333 0.4427910052910053 0.3020833333333333 0.4427910052910053 0.3020833333333333 0.4828042328042328 0.2864583333333333 0.4828042328042328
7 0.3010912698412698 0.4417989417989418 0.31547619047619047 0.4417989417989418 0.31547619047619047 0.48313492063492064 0.3010912698412698 0.48313492063492064
7 0.314484126984127 0.44246031746031744 0.3291170634920635 0.44246031746031744 0.3291170634920635 0.48115079365079366 0.314484126984127 0.48115079365079366
7 0.43427579365079366 0.43915343915343913 0.44841269841269843 0.43915343915343913 0.44841269841269843 0.482473544973545 0.43427579365079366 0.482473544973545
7 0.4476686507936508 0.4401455026455027 0.4623015873015873 0.4401455026455027 0.4623015873015873 0.48048941798941797 0.4476686507936508 0.48048941798941797
7 0.46130952380952384 0.43783068783068785 0.47619047619047616 0.43783068783068785 0.47619047619047616 0.48148148148148145 0.46130952380952384 0.48148148148148145
7 0.47470238095238093 0.43882275132275134 0.48933531746031744 0.43882275132275134 0.48933531746031744 0.4808201058201058 0.47470238095238093 0.4808201058201058
17 0.2748015873015873 0.5515873015873016 0.28794642857142855 0.5515873015873016 0.28794642857142855 0.5806878306878307 0.2748015873015873 0.5806878306878307
17 0.2876984126984127 0.5522486772486772 0.30084325396825395 0.5522486772486772 0.30084325396825395 0.5810185185185185 0.2876984126984127 0.5810185185185185
28 0.44246031746031744 0.5998677248677249 0.45535714285714285 0.5998677248677249 0.45535714285714285 0.6223544973544973 0.44246031746031744 0.6223544973544973
29 0.45634920634920634 0.6031746031746031 0.4670138888888889 0.6031746031746031 0.4670138888888889 0.6233465608465608 0.45634920634920634 0.6233465608465608
30 0.4680059523809524 0.6111111111111112 0.47867063492063494 0.6111111111111112 0.47867063492063494 0.6183862433862434 0.4680059523809524 0.6183862433862434
30 0.46825396825396826 0.6183862433862434 0.47842261904761907 0.6183862433862434 0.47842261904761907 0.6246693121693122 0.46825396825396826 0.6246693121693122
30 0.46899801587301587 0.6025132275132276 0.47842261904761907 0.6025132275132276 0.47842261904761907 0.6097883597883598 0.46899801587301587 0.6097883597883598
9 0.4662698412698413 0.6587301587301587 0.47470238095238093 0.6587301587301587 0.47470238095238093 0.6908068783068783 0.4662698412698413 0.6908068783068783
9 0.47445436507936506 0.6597222222222222 0.48462301587301587 0.6597222222222222 0.48462301587301587 0.691468253968254 0.47445436507936506 0.691468253968254
9 0.48462301587301587 0.6603835978835979 0.49429563492063494 0.6603835978835979 0.49429563492063494 0.6911375661375662 0.48462301587301587 0.6911375661375662
32 0.2482638888888889 0.6428571428571429 0.28249007936507936 0.6428571428571429 0.28249007936507936 0.6888227513227513 0.2482638888888889 0.6888227513227513
31 0.2760416666666667 0.6511243386243386 0.3060515873015873 0.6511243386243386 0.3060515873015873 0.6884920634920635 0.2760416666666667 0.6884920634920635
20 0.251984126984127 0.7027116402116402 0.2693452380952381 0.7027116402116402 0.2693452380952381 0.7612433862433863 0.251984126984127 0.7612433862433863
20 0.26860119047619047 0.703042328042328 0.28621031746031744 0.703042328042328 0.28621031746031744 0.7609126984126984 0.26860119047619047 0.7609126984126984
20 0.28521825396825395 0.7023809523809523 0.3023313492063492 0.7023809523809523 0.3023313492063492 0.7612433862433863 0.28521825396825395 0.7612433862433863
20 0.3020833333333333 0.7033730158730159 0.3187003968253968 0.7033730158730159 0.3187003968253968 0.7622354497354498 0.3020833333333333 0.7622354497354498
20 0.3179563492063492 0.7040343915343915 0.3343253968253968 0.7040343915343915 0.3343253968253968 0.7632275132275133 0.3179563492063492 0.7632275132275133
20 0.33382936507936506 0.7033730158730159 0.3524305555555556 0.7033730158730159 0.3524305555555556 0.7625661375661376 0.33382936507936506 0.7625661375661376
21 0.357390873015873 0.707010582010582 0.376984126984127 0.707010582010582 0.376984126984127 0.7648809523809523 0.357390873015873 0.7648809523809523
21 0.3777281746031746 0.7073412698412699 0.3968253968253968 0.7073412698412699 0.3968253968253968 0.7638888888888888 0.3777281746031746 0.7638888888888888
21 0.39632936507936506 0.7073412698412699 0.4164186507936508 0.7073412698412699 0.4164186507936508 0.763558201058201 0.39632936507936506 0.763558201058201
21 0.4164186507936508 0.7083333333333334 0.43700396825396826 0.7083333333333334 0.43700396825396826 0.7648809523809523 0.4164186507936508 0.7648809523809523
21 0.43725198412698413 0.7076719576719577 0.4573412698412698 0.7076719576719577 0.4573412698412698 0.7648809523809523 0.43725198412698413 0.7648809523809523
25 0.5498511904761905 0.31746031746031744 0.5634920634920635 0.31746031746031744 0.5634920634920635 0.3544973544973545 0.5498511904761905 0.3544973544973545
25 0.5632440476190477 0.31746031746031744 0.5768849206349206 0.31746031746031744 0.5768849206349206 0.3541666666666667 0.5632440476190477 0.3541666666666667
25 0.5768849206349206 0.31712962962962965 0.5895337301587301 0.31712962962962965 0.5895337301587301 0.3541666666666667 0.5768849206349206 0.3541666666666667
25 0.5892857142857143 0.31712962962962965 0.6034226190476191 0.31712962962962965 0.6034226190476191 0.353505291005291 0.5892857142857143 0.353505291005291
25 0.5047123015873016 0.5433201058201058 0.5181051587301587 0.5433201058201058 0.5181051587301587 0.5813492063492064 0.5047123015873016 0.5813492063492064
25 0.5178571428571429 0.5433201058201058 0.5314980158730159 0.5433201058201058 0.5314980158730159 0.5810185185185185 0.5178571428571429 0.5810185185185185
25 0.5302579365079365 0.5433201058201058 0.5443948412698413 0.5433201058201058 0.5443948412698413 0.5806878306878307 0.5302579365079365 0.5806878306878307
25 0.5434027777777778 0.5436507936507936 0.5577876984126984 0.5436507936507936 0.5577876984126984 0.5813492063492064 0.5434027777777778 0.5813492063492064
23 0.6096230158730159 0.3012566137566138 0.628968253968254 0.3012566137566138 0.628968253968254 0.35284391534391535 0.6096230158730159 0.35284391534391535
23 0.6299603174603174 0.30092592592592593 0.6493055555555556 0.30092592592592593 0.6493055555555556 0.3521825396825397 0.6299603174603174 0.3521825396825397
22 0.6498015873015873 0.3134920634920635 0.6659226190476191 0.3134920634920635 0.6659226190476191 0.351521164021164 0.6498015873015873 0.351521164021164
22 0.6666666666666666 0.3134920634920635 0.683531746031746 0.3134920634920635 0.683531746031746 0.351521164021164 0.6666666666666666 0.351521164021164
22 0.6840277777777778 0.31283068783068785 0.6996527777777778 0.31283068783068785 0.6996527777777778 0.35119047619047616 0.6840277777777778 0.35119047619047616
27 0.7058531746031746 0.32142857142857145 0.7802579365079365 0.32142857142857145 0.7802579365079365 0.3488756613756614 0.7058531746031746 0.3488756613756614
27 0.7800099206349206 0.3187830687830688 0.8568948412698413 0.3187830687830688 0.8568948412698413 0.3472222222222222 0.7800099206349206 0.3472222222222222
12 0.49950396825396826 0.3855820105820106 0.5126488095238095 0.3855820105820106 0.5126488095238095 0.4262566137566138 0.49950396825396826 0.4262566137566138
13 0.5173611111111112 0.38591269841269843 0.5305059523809523 0.38591269841269843 0.5305059523809523 0.4252645502645503 0.5173611111111112 0.4252645502645503
13 0.5302579365079365 0.38591269841269843 0.5431547619047619 0.38591269841269843 0.5431547619047619 0.4255952380952381 0.5302579365079365 0.4255952380952381
13 0.5438988095238095 0.38525132275132273 0.5567956349206349 0.38525132275132273 0.5567956349206349 0.42493386243386244 0.5438988095238095 0.42493386243386244
10 0.5806051587301587 0.3759920634920635 0.5947420634920635 0.3759920634920635 0.5947420634920635 0.4246031746031746 0.5806051587301587 0.4246031746031746
10 0.5947420634920635 0.3759920634920635 0.609375 0.3759920634920635 0.609375 0.42394179894179895 0.5947420634920635 0.42394179894179895
10 0.6096230158730159 0.37533068783068785 0.6237599206349206 0.37533068783068785 0.6237599206349206 0.42394179894179895 0.6096230158730159 0.42394179894179895
10 0.6235119047619048 0.375 0.6381448412698413 0.375 0.6381448412698413 0.42394179894179895 0.6235119047619048 0.42394179894179895
10 0.6381448412698413 0.375 0.6512896825396826 0.375 0.6512896825396826 0.42394179894179895 0.6381448412698413 0.42394179894179895
8 0.6532738095238095 0.3802910052910053 0.6669146825396826 0.3802910052910053 0.6669146825396826 0.42228835978835977 0.6532738095238095 0.42228835978835977
8 0.6674107142857143 0.37962962962962965 0.6805555555555556 0.37962962962962965 0.6805555555555556 0.42294973544973546 0.6674107142857143 0.42294973544973546
8 0.6812996031746031 0.37896825396825395 0.6946924603174603 0.37896825396825395 0.6946924603174603 0.42294973544973546 0.6812996031746031 0.42294973544973546
1 0.6949404761904762 0.3783068783068783 0.7075892857142857 0.3783068783068783 0.7075892857142857 0.42228835978835977 0.6949404761904762 0.42228835978835977
1 0.7085813492063492 0.37797619047619047 0.7232142857142857 0.37797619047619047 0.7232142857142857 0.42228835978835977 0.7085813492063492 0.42228835978835977
1 0.7247023809523809 0.3776455026455027 0.7375992063492064 0.3776455026455027 0.7375992063492064 0.421957671957672 0.7247023809523809 0.421957671957672
2 0.7385912698412699 0.3707010582010582 0.7547123015873016 0.3707010582010582 0.7547123015873016 0.42162698412698413 0.7385912698412699 0.42162698412698413
2 0.7554563492063492 0.37037037037037035 0.7708333333333334 0.37037037037037035 0.7708333333333334 0.419973544973545 0.7554563492063492 0.419973544973545
26 0.5376984126984127 0.44146825396825395 0.5510912698412699 0.44146825396825395 0.5510912698412699 0.48115079365079366 0.5376984126984127 0.48115079365079366
24 0.5513392857142857 0.44345238095238093 0.564484126984127 0.44345238095238093 0.564484126984127 0.4801587301587302 0.5513392857142857 0.4801587301587302
24 0.564484126984127 0.44345238095238093 0.5773809523809523 0.44345238095238093 0.5773809523809523 0.48048941798941797 0.564484126984127 0.48048941798941797
24 0.5768849206349206 0.4427910052910053 0.5900297619047619 0.4427910052910053 0.5900297619047619 0.4798280423280423 0.5768849206349206 0.4798280423280423
24 0.5900297619047619 0.44246031746031744 0.6034226190476191 0.44246031746031744 0.6034226190476191 0.4801587301587302 0.5900297619047619 0.4801587301587302
24 0.6026785714285714 0.44212962962962965 0.6163194444444444 0.44212962962962965 0.6163194444444444 0.4808201058201058 0.6026785714285714 0.4808201058201058
24 0.6168154761904762 0.44212962962962965 0.6312003968253969 0.44212962962962965 0.6312003968253969 0.4808201058201058 0.6168154761904762 0.4808201058201058
4 0.6334325396825397 0.44047619047619047 0.6485615079365079 0.44047619047619047 0.6485615079365079 0.4798280423280423 0.6334325396825397 0.4798280423280423
4 0.6483134920634921 0.44047619047619047 0.6639384920634921 0.44047619047619047 0.6639384920634921 0.4798280423280423 0.6483134920634921 0.4798280423280423
4 0.6639384920634921 0.4398148148148148 0.6778273809523809 0.4398148148148148 0.6778273809523809 0.4801587301587302 0.6639384920634921 0.4801587301587302
4 0.6783234126984127 0.4398148148148148 0.6934523809523809 0.4398148148148148 0.6934523809523809 0.48115079365079366 0.6783234126984127 0.48115079365079366
4 0.6932043650793651 0.439484126984127 0.7080853174603174 0.439484126984127 0.7080853174603174 0.4791666666666667 0.6932043650793651 0.4791666666666667
11 0.7088293650793651 0.4348544973544973 0.7217261904761905 0.4348544973544973 0.7217261904761905 0.4781746031746032 0.7088293650793651 0.4781746031746032
11 0.7232142857142857 0.4341931216931217 0.7378472222222222 0.4341931216931217 0.7378472222222222 0.4791666666666667 0.7232142857142857 0.4791666666666667
11 0.7375992063492064 0.43452380952380953 0.7522321428571429 0.43452380952380953 0.7522321428571429 0.47883597883597884 0.7375992063492064 0.47883597883597884
11 0.751984126984127 0.43386243386243384 0.7668650793650794 0.43386243386243384 0.7668650793650794 0.4781746031746032 0.751984126984127 0.4781746031746032
15 0.5853174603174603 0.4976851851851852 0.5999503968253969 0.4976851851851852 0.5999503968253969 0.5370370370370371 0.5853174603174603 0.5370370370370371
15 0.5992063492063492 0.49834656084656087 0.6138392857142857 0.49834656084656087 0.6138392857142857 0.5373677248677249 0.5992063492063492 0.5373677248677249
15 0.6135912698412699 0.49834656084656087 0.6274801587301587 0.49834656084656087 0.6274801587301587 0.5367063492063492 0.6135912698412699 0.5367063492063492
15 0.6274801587301587 0.4976851851851852 0.6416170634920635 0.4976851851851852 0.6416170634920635 0.5370370370370371 0.6274801587301587 0.5370370370370371
15 0.6411210317460317 0.49867724867724866 0.6550099206349206 0.49867724867724866 0.6550099206349206 0.5367063492063492 0.6411210317460317 0.5367063492063492
15 0.6550099206349206 0.49834656084656087 0.6681547619047619 0.49834656084656087 0.6681547619047619 0.5363756613756614 0.6550099206349206 0.5363756613756614
16 0.5771329365079365 0.5962301587301587 0.5860615079365079 0.5962301587301587 0.5860615079365079 0.625 0.5771329365079365 0.625
16 0.5858134920634921 0.5958994708994709 0.5947420634920635 0.5958994708994709 0.5947420634920635 0.6246693121693122 0.5858134920634921 0.6246693121693122
16 0.5942460317460317 0.5965608465608465 0.6031746031746031 0.5965608465608465 0.6031746031746031 0.6253306878306878 0.5942460317460317 0.6253306878306878
16 0.6029265873015873 0.5965608465608465 0.6116071428571429 0.5965608465608465 0.6116071428571429 0.6259920634920635 0.6029265873015873 0.6259920634920635
16 0.611359126984127 0.5968915343915344 0.6202876984126984 0.5968915343915344 0.6202876984126984 0.6259920634920635 0.611359126984127 0.6259920634920635
16 0.6205357142857143 0.595568783068783 0.6302083333333334 0.595568783068783 0.6302083333333334 0.6263227513227513 0.6205357142857143 0.6263227513227513
16 0.6304563492063492 0.5965608465608465 0.6396329365079365 0.5965608465608465 0.6396329365079365 0.626984126984127 0.6304563492063492 0.626984126984127
14 0.640625 0.595568783068783 0.6507936507936508 0.595568783068783 0.6507936507936508 0.626984126984127 0.640625 0.626984126984127
14 0.6507936507936508 0.595568783068783 0.6607142857142857 0.595568783068783 0.6607142857142857 0.626984126984127 0.6507936507936508 0.626984126984127
14 0.660218253968254 0.595568783068783 0.6701388888888888 0.595568783068783 0.6701388888888888 0.6266534391534392 0.660218253968254 0.6266534391534392
14 0.6713789682539683 0.5965608465608465 0.6810515873015873 0.5965608465608465 0.6810515873015873 0.6276455026455027 0.6713789682539683 0.6276455026455027
5 0.6443452380952381 0.7195767195767195 0.7038690476190477 0.7195767195767195 0.7038690476190477 0.771494708994709 0.6443452380952381 0.771494708994709
27 0.7614087301587301 0.7387566137566137 0.8368055555555556 0.7387566137566137 0.8368055555555556 0.7754629629629629 0.7614087301587301 0.7754629629629629