1 0.06779100529100529 0.2914186507936508 0.2447089947089947 0.2914186507936508 0.2447089947089947 0.5989583333333334 0.06779100529100529 0.5989583333333334
1 0.25132275132275134 0.29389880952380953 0.4150132275132275 0.29389880952380953 0.4150132275132275 0.5927579365079365 0.25132275132275134 0.5927579365079365
1 0.4332010582010582 0.2976190476190476 0.5968915343915344 0.2976190476190476 0.5968915343915344 0.5927579365079365 0.4332010582010582 0.5927579365079365
4 0 0.7018849206349206 0.08101851851851852 0.7018849206349206 0.08101851851851852 1 0 1
4 0.07771164021164022 0.6969246031746031 0.2843915343915344 0.6969246031746031 0.2843915343915344 1 0.07771164021164022 1
11 0.3158068783068783 0.6473214285714286 0.4480820105820106 0.6473214285714286 0.4480820105820106 0.9375 0.3158068783068783 0.9375
11 0.4480820105820106 0.6634424603174603 0.6134259259259259 0.6634424603174603 0.6134259259259259 0.9957837301587301 0.4480820105820106 0.9957837301587301
11 0.6150793650793651 0.6684027777777778 0.7771164021164021 0.6684027777777778 0.7771164021164021 0.9982638888888888 0.6150793650793651 0.9982638888888888
11 0.7771164021164021 0.6684027777777778 0.9358465608465608 0.6684027777777778 0.9358465608465608 0.9833829365079365 0.7771164021164021 0.9833829365079365
27 0.20502645502645503 0 1 0 1 0.11904761904761904 0.20502645502645503 0.11904761904761904
2 0.6001984126984127 0.25297619047619047 0.798941798941799 0.25297619047619047 0.798941798941799 0.5910218253968254 0.6001984126984127 0.5910218253968254
2 0.7886904761904762 0.25049603174603174 0.9861111111111112 0.25049603174603174 0.9861111111111112 0.5910218253968254 0.7886904761904762 0.5910218253968254