25 0 0.4117063492063492 0.14384920634920634 0.4117063492063492 0.14384920634920634 0.7279265873015873 0 0.7279265873015873
23 0.16865079365079366 0.3149801587301587 0.4695767195767196 0.3149801587301587 0.4695767195767196 0.7428075396825397 0.16865079365079366 0.7428075396825397
23 0.4728835978835979 0.3236607142857143 0.7705026455026455 0.3236607142857143 0.7705026455026455 0.7564484126984127 0.4728835978835979 0.7564484126984127
22 0.7556216931216931 0.4427083333333333 1 0.4427083333333333 1 0.767609126984127 0.7556216931216931 0.767609126984127
10 0 0.8184523809523809 0.19510582010582012 0.8184523809523809 0.19510582010582012 1 0 1
10 0.1884920634920635 0.8159722222222222 0.38525132275132273 0.8159722222222222 0.38525132275132273 1 0.1884920634920635 1
10 0.3819444444444444 0.8234126984126984 0.5671296296296297 0.8234126984126984 0.5671296296296297 1 0.3819444444444444 1
10 0.5555555555555556 0.7750496031746031 0.7208994708994709 0.7750496031746031 0.7208994708994709 1 0.5555555555555556 1
8 0.732473544973545 0.873015873015873 0.9408068783068783 0.873015873015873 0.9408068783068783 1 0.732473544973545 1
8 0.7192460317460317 0.8048115079365079 0.8680555555555556 0.8048115079365079 0.8680555555555556 0.8742559523809523 0.7192460317460317 0.8742559523809523
8 0.8664021164021164 0.8035714285714286 1 0.8035714285714286 1 0.8779761904761905 0.8664021164021164 0.8779761904761905