1 0.06283068783068783 0 0.21494708994708994 0 0.21494708994708994 0.2095734126984127 0.06283068783068783 0.2095734126984127
1 0.22156084656084657 0 0.37367724867724866 0 0.37367724867724866 0.21081349206349206 0.22156084656084657 0.21081349206349206
1 0.3654100529100529 0 0.5291005291005291 0 0.5291005291005291 0.21577380952380953 0.3654100529100529 0.21577380952380953
4 0 0.33110119047619047 0.0710978835978836 0.33110119047619047 0.0710978835978836 0.5915178571428571 0 0.5915178571428571
4 0.07771164021164022 0.3335813492063492 0.26785714285714285 0.3335813492063492 0.26785714285714285 0.5902777777777778 0.07771164021164022 0.5902777777777778
11 0.29927248677248675 0.33110119047619047 0.42328042328042326 0.33110119047619047 0.42328042328042326 0.5791170634920635 0.29927248677248675 0.5791170634920635
11 0.42162698412698413 0.3038194444444444 0.5770502645502645 0.3038194444444444 0.5770502645502645 0.5828373015873016 0.42162698412698413 0.5828373015873016
11 0.5753968253968254 0.2951388888888889 0.732473544973545 0.2951388888888889 0.732473544973545 0.5915178571428571 0.5753968253968254 0.5915178571428571
11 0.7374338624338624 0.298859126984127 0.8862433862433863 0.298859126984127 0.8862433862433863 0.5890376984126984 0.7374338624338624 0.5890376984126984
2 0.5651455026455027 0 0.7526455026455027 0 0.7526455026455027 0.22023809523809523 0.5651455026455027 0.22023809523809523
2 0.7556216931216931 0 0.9348544973544973 0 0.9348544973544973 0.19692460317460317 0.7556216931216931 0.19692460317460317