18 0.27331349206349204 0.3373015873015873 0.3100198412698413 0.3373015873015873 0.3100198412698413 0.3697089947089947 0.27331349206349204 0.3697089947089947
18 0.31026785714285715 0.33664021164021163 0.3464781746031746 0.33664021164021163 0.3464781746031746 0.3697089947089947 0.31026785714285715 0.3697089947089947
18 0.34598214285714285 0.3386243386243386 0.3821924603174603 0.3386243386243386 0.3821924603174603 0.37103174603174605 0.34598214285714285 0.37103174603174605
18 0.3819444444444444 0.3373015873015873 0.4181547619047619 0.3373015873015873 0.4181547619047619 0.3707010582010582 0.3819444444444444 0.3707010582010582
7 0.21651785714285715 0.3872354497354497 0.23363095238095238 0.3872354497354497 0.23363095238095238 0.4305555555555556 0.21651785714285715 0.4305555555555556
7 0.23239087301587302 0.38657407407407407 0.24875992063492064 0.38657407407407407 0.24875992063492064 0.4312169312169312 0.23239087301587302 0.4312169312169312
7 0.2472718253968254 0.3872354497354497 0.2646329365079365 0.3872354497354497 0.2646329365079365 0.4312169312169312 0.2472718253968254 0.4312169312169312
7 0.2631448412698413 0.3872354497354497 0.2805059523809524 0.3872354497354497 0.2805059523809524 0.43187830687830686 0.2631448412698413 0.43187830687830686
19 0.3958333333333333 0.38657407407407407 0.4104662698412698 0.38657407407407407 0.4104662698412698 0.42956349206349204 0.3958333333333333 0.42956349206349204
19 0.4104662698412698 0.38657407407407407 0.4253472222222222 0.38657407407407407 0.4253472222222222 0.4305555555555556 0.4104662698412698 0.4305555555555556
19 0.42485119047619047 0.38591269841269843 0.43973214285714285 0.38591269841269843 0.43973214285714285 0.4298941798941799 0.42485119047619047 0.4298941798941799
19 0.4399801587301587 0.3862433862433862 0.455109126984127 0.3862433862433862 0.455109126984127 0.4308862433862434 0.4399801587301587 0.4308862433862434
17 0.22023809523809523 0.5049603174603174 0.23511904761904762 0.5049603174603174 0.23511904761904762 0.5367063492063492 0.22023809523809523 0.5367063492063492
17 0.23462301587301587 0.5049603174603174 0.25024801587301587 0.5049603174603174 0.25024801587301587 0.5370370370370371 0.23462301587301587 0.5370370370370371
28 0.40600198412698413 0.5535714285714286 0.4184027777777778 0.5535714285714286 0.4184027777777778 0.5793650793650794 0.40600198412698413 0.5793650793650794
29 0.419890873015873 0.5575396825396826 0.42981150793650796 0.5575396825396826 0.42981150793650796 0.5796957671957672 0.419890873015873 0.5796957671957672
30 0.43179563492063494 0.5658068783068783 0.4437003968253968 0.5658068783068783 0.4437003968253968 0.5734126984126984 0.43179563492063494 0.5734126984126984
30 0.43154761904761907 0.5737433862433863 0.44320436507936506 0.5737433862433863 0.44320436507936506 0.5806878306878307 0.43154761904761907 0.5806878306878307
30 0.43179563492063494 0.5562169312169312 0.4429563492063492 0.5562169312169312 0.4429563492063492 0.564484126984127 0.43179563492063494 0.564484126984127
32 0.1932043650793651 0.6008597883597884 0.22891865079365079 0.6008597883597884 0.22891865079365079 0.6521164021164021 0.1932043650793651 0.6521164021164021
31 0.22395833333333334 0.6121031746031746 0.2584325396825397 0.6121031746031746 0.2584325396825397 0.6494708994708994 0.22395833333333334 0.6494708994708994
31 0.22718253968253968 0.6078042328042328 0.25892857142857145 0.6078042328042328 0.25892857142857145 0.6130952380952381 0.22718253968253968 0.6130952380952381
9 0.4303075396825397 0.6154100529100529 0.43874007936507936 0.6154100529100529 0.43874007936507936 0.6481481481481481 0.4303075396825397 0.6481481481481481
9 0.4392361111111111 0.6150793650793651 0.4486607142857143 0.6150793650793651 0.4486607142857143 0.6468253968253969 0.4392361111111111 0.6468253968253969
9 0.4496527777777778 0.6150793650793651 0.45907738095238093 0.6150793650793651 0.45907738095238093 0.6471560846560847 0.4496527777777778 0.6471560846560847
20 0.1984126984126984 0.6653439153439153 0.21899801587301587 0.6653439153439153 0.21899801587301587 0.7271825396825397 0.1984126984126984 0.7271825396825397
20 0.2170138888888889 0.6646825396825397 0.23735119047619047 0.6646825396825397 0.23735119047619047 0.7265211640211641 0.2170138888888889 0.7265211640211641
20 0.23586309523809523 0.6643518518518519 0.25471230158730157 0.6643518518518519 0.25471230158730157 0.7251984126984127 0.23586309523809523 0.7251984126984127
20 0.2542162698412698 0.6640211640211641 0.2720734126984127 0.6640211640211641 0.2720734126984127 0.7251984126984127 0.2542162698412698 0.7251984126984127
20 0.27132936507936506 0.6643518518518519 0.2896825396825397 0.6643518518518519 0.2896825396825397 0.7242063492063492 0.27132936507936506 0.7242063492063492
20 0.28893849206349204 0.6636904761904762 0.3080357142857143 0.6636904761904762 0.3080357142857143 0.7255291005291006 0.28893849206349204 0.7255291005291006
21 0.3149801587301587 0.667989417989418 0.33581349206349204 0.667989417989418 0.33581349206349204 0.7245370370370371 0.3149801587301587 0.7245370370370371
21 0.3365575396825397 0.6663359788359788 0.3568948412698413 0.6663359788359788 0.3568948412698413 0.7238756613756614 0.3365575396825397 0.7238756613756614
21 0.357390873015873 0.6653439153439153 0.37797619047619047 0.6653439153439153 0.37797619047619047 0.7228835978835979 0.357390873015873 0.7228835978835979
21 0.37822420634920634 0.6650132275132276 0.39880952380952384 0.6650132275132276 0.39880952380952384 0.7222222222222222 0.37822420634920634 0.7222222222222222
21 0.3993055555555556 0.6653439153439153 0.41964285714285715 0.6653439153439153 0.41964285714285715 0.7218915343915344 0.3993055555555556 0.7218915343915344
25 0.5181051587301587 0.2585978835978836 0.5334821428571429 0.2585978835978836 0.5334821428571429 0.3002645502645503 0.5181051587301587 0.3002645502645503
25 0.533234126984127 0.25826719576719576 0.5463789682539683 0.25826719576719576 0.5463789682539683 0.29993386243386244 0.533234126984127 0.29993386243386244
25 0.5463789682539683 0.2585978835978836 0.5600198412698413 0.2585978835978836 0.5600198412698413 0.29993386243386244 0.5463789682539683 0.29993386243386244
25 0.5600198412698413 0.25826719576719576 0.5739087301587301 0.25826719576719576 0.5739087301587301 0.29993386243386244 0.5600198412698413 0.29993386243386244
25 0.4714781746031746 0.4957010582010582 0.484375 0.4957010582010582 0.484375 0.5353835978835979 0.4714781746031746 0.5353835978835979
25 0.48487103174603174 0.49603174603174605 0.4975198412698413 0.49603174603174605 0.4975198412698413 0.5357142857142857 0.48487103174603174 0.5357142857142857
25 0.4975198412698413 0.4973544973544973 0.5114087301587301 0.4973544973544973 0.5114087301587301 0.5353835978835979 0.4975198412698413 0.5353835978835979
25 0.511656746031746 0.4976851851851852 0.5250496031746031 0.4976851851851852 0.5250496031746031 0.53505291005291 0.511656746031746 0.53505291005291
23 0.5776289682539683 0.24603174603174602 0.6004464285714286 0.24603174603174602 0.6004464285714286 0.30092592592592593 0.5776289682539683 0.30092592592592593
23 0.6011904761904762 0.24503968253968253 0.6212797619047619 0.24503968253968253 0.6212797619047619 0.2996031746031746 0.6011904761904762 0.2996031746031746
22 0.6215277777777778 0.25992063492063494 0.6381448412698413 0.25992063492063494 0.6381448412698413 0.29927248677248675 0.6215277777777778 0.29927248677248675
22 0.6376488095238095 0.25925925925925924 0.6545138888888888 0.25925925925925924 0.6545138888888888 0.3005952380952381 0.6376488095238095 0.3005952380952381
22 0.6552579365079365 0.2585978835978836 0.671875 0.2585978835978836 0.671875 0.2996031746031746 0.6552579365079365 0.2996031746031746
27 0.675843253968254 0.2691798941798942 0.75 0.2691798941798942 0.75 0.30092592592592593 0.675843253968254 0.30092592592592593
27 0.7502480158730159 0.2691798941798942 0.8219246031746031 0.2691798941798942 0.8219246031746031 0.2986111111111111 0.7502480158730159 0.2986111111111111
12 0.4652777777777778 0.330026455026455 0.47941468253968256 0.330026455026455 0.47941468253968256 0.37334656084656087 0.4652777777777778 0.37334656084656087
13 0.48412698412698413 0.3306878306878307 0.4982638888888889 0.3306878306878307 0.4982638888888889 0.3740079365079365 0.48412698412698413 0.3740079365079365
13 0.4982638888888889 0.3306878306878307 0.5119047619047619 0.3306878306878307 0.5119047619047619 0.37433862433862436 0.4982638888888889 0.37433862433862436
13 0.511656746031746 0.33035714285714285 0.5257936507936508 0.33035714285714285 0.5257936507936508 0.37367724867724866 0.511656746031746 0.37367724867724866
10 0.5491071428571429 0.32242063492063494 0.5649801587301587 0.32242063492063494 0.5649801587301587 0.37466931216931215 0.5491071428571429 0.37466931216931215
10 0.5647321428571429 0.32142857142857145 0.580109126984127 0.32142857142857145 0.580109126984127 0.37466931216931215 0.5647321428571429 0.37466931216931215
10 0.5796130952380952 0.3210978835978836 0.5942460317460317 0.3210978835978836 0.5942460317460317 0.3740079365079365 0.5796130952380952 0.3740079365079365
10 0.5939980158730159 0.32142857142857145 0.6088789682539683 0.32142857142857145 0.6088789682539683 0.37367724867724866 0.5939980158730159 0.37367724867724866
10 0.6083829365079365 0.3220899470899471 0.621031746031746 0.3220899470899471 0.621031746031746 0.37466931216931215 0.6083829365079365 0.37466931216931215
8 0.623015873015873 0.32837301587301587 0.6371527777777778 0.32837301587301587 0.6371527777777778 0.37334656084656087 0.623015873015873 0.37334656084656087
8 0.6378968253968254 0.3273809523809524 0.652281746031746 0.3273809523809524 0.652281746031746 0.3726851851851852 0.6378968253968254 0.3726851851851852
8 0.6512896825396826 0.3273809523809524 0.6654265873015873 0.3273809523809524 0.6654265873015873 0.373015873015873 0.6512896825396826 0.373015873015873
1 0.6649305555555556 0.3273809523809524 0.6780753968253969 0.3273809523809524 0.6780753968253969 0.37367724867724866 0.6649305555555556 0.37367724867724866
1 0.6783234126984127 0.3273809523809524 0.6932043650793651 0.3273809523809524 0.6932043650793651 0.37367724867724866 0.6783234126984127 0.37367724867724866
1 0.6939484126984127 0.3273809523809524 0.7080853174603174 0.3273809523809524 0.7080853174603174 0.373015873015873 0.6939484126984127 0.373015873015873
2 0.7075892857142857 0.32076719576719576 0.7239583333333334 0.32076719576719576 0.7239583333333334 0.373015873015873 0.7075892857142857 0.373015873015873
2 0.7249503968253969 0.32076719576719576 0.7393353174603174 0.32076719576719576 0.7393353174603174 0.37334656084656087 0.7249503968253969 0.37334656084656087
26 0.5052083333333334 0.3898809523809524 0.5188492063492064 0.3898809523809524 0.5188492063492064 0.4308862433862434 0.5052083333333334 0.4308862433862434
24 0.5181051587301587 0.3915343915343915 0.5324900793650794 0.3915343915343915 0.5324900793650794 0.4312169312169312 0.5181051587301587 0.4312169312169312
24 0.5314980158730159 0.39087301587301587 0.5453869047619048 0.39087301587301587 0.5453869047619048 0.43154761904761907 0.5314980158730159 0.43154761904761907
24 0.5463789682539683 0.390542328042328 0.5592757936507936 0.390542328042328 0.5592757936507936 0.4308862433862434 0.5463789682539683 0.4308862433862434
24 0.5587797619047619 0.39021164021164023 0.5726686507936508 0.39021164021164023 0.5726686507936508 0.4305555555555556 0.5587797619047619 0.4305555555555556
24 0.5724206349206349 0.39186507936507936 0.5858134920634921 0.39186507936507936 0.5858134920634921 0.4305555555555556 0.5724206349206349 0.4305555555555556
24 0.5868055555555556 0.3921957671957672 0.6001984126984127 0.3921957671957672 0.6001984126984127 0.4298941798941799 0.5868055555555556 0.4298941798941799
4 0.6031746031746031 0.39021164021164023 0.6168154761904762 0.39021164021164023 0.6168154761904762 0.43154761904761907 0.6031746031746031 0.43154761904761907
4 0.6170634920634921 0.38955026455026454 0.6329365079365079 0.38955026455026454 0.6329365079365079 0.43187830687830686 0.6170634920634921 0.43187830687830686
4 0.6329365079365079 0.39087301587301587 0.6478174603174603 0.39087301587301587 0.6478174603174603 0.4308862433862434 0.6329365079365079 0.4308862433862434
4 0.6480654761904762 0.3898809523809524 0.6624503968253969 0.3898809523809524 0.6624503968253969 0.4312169312169312 0.6480654761904762 0.4312169312169312
4 0.6624503968253969 0.390542328042328 0.6775793650793651 0.390542328042328 0.6775793650793651 0.4322089947089947 0.6624503968253969 0.4322089947089947
11 0.6773313492063492 0.3855820105820106 0.6887400793650794 0.3855820105820106 0.6887400793650794 0.4305555555555556 0.6773313492063492 0.4305555555555556
11 0.689484126984127 0.3855820105820106 0.7053571428571429 0.3855820105820106 0.7053571428571429 0.4312169312169312 0.689484126984127 0.4312169312169312
11 0.7046130952380952 0.38591269841269843 0.7192460317460317 0.38591269841269843 0.7192460317460317 0.43253968253968256 0.7046130952380952 0.43253968253968256
11 0.7192460317460317 0.38525132275132273 0.7326388888888888 0.38525132275132273 0.7326388888888888 0.4298941798941799 0.7192460317460317 0.4298941798941799
15 0.5530753968253969 0.4497354497354497 0.5684523809523809 0.4497354497354497 0.5684523809523809 0.48908730158730157 0.5530753968253969 0.48908730158730157
15 0.5679563492063492 0.44907407407407407 0.5815972222222222 0.44907407407407407 0.5815972222222222 0.49074074074074076 0.5679563492063492 0.49074074074074076
15 0.582093253968254 0.45006613756613756 0.5959821428571429 0.45006613756613756 0.5959821428571429 0.4887566137566138 0.582093253968254 0.4887566137566138
15 0.5959821428571429 0.45006613756613756 0.6088789682539683 0.45006613756613756 0.6088789682539683 0.4887566137566138 0.5959821428571429 0.4887566137566138
15 0.6098710317460317 0.4494047619047619 0.6237599206349206 0.4494047619047619 0.6237599206349206 0.48974867724867727 0.6098710317460317 0.48974867724867727
15 0.6232638888888888 0.44841269841269843 0.636656746031746 0.44841269841269843 0.636656746031746 0.4880952380952381 0.6232638888888888 0.4880952380952381
16 0.5443948412698413 0.5486111111111112 0.5538194444444444 0.5486111111111112 0.5538194444444444 0.5787037037037037 0.5443948412698413 0.5787037037037037
16 0.5530753968253969 0.548941798941799 0.5615079365079365 0.548941798941799 0.5615079365079365 0.578042328042328 0.5530753968253969 0.578042328042328
16 0.5610119047619048 0.548941798941799 0.5699404761904762 0.548941798941799 0.5699404761904762 0.5787037037037037 0.5610119047619048 0.5787037037037037
16 0.5699404761904762 0.548941798941799 0.5788690476190477 0.548941798941799 0.5788690476190477 0.5787037037037037 0.5699404761904762 0.5787037037037037
16 0.5783730158730159 0.548941798941799 0.5875496031746031 0.548941798941799 0.5875496031746031 0.5787037037037037 0.5783730158730159 0.5787037037037037
16 0.5870535714285714 0.5486111111111112 0.5972222222222222 0.5486111111111112 0.5972222222222222 0.5777116402116402 0.5870535714285714 0.5777116402116402
16 0.5967261904761905 0.5482804232804233 0.6061507936507936 0.5482804232804233 0.6061507936507936 0.5783730158730159 0.5967261904761905 0.5783730158730159
14 0.6071428571428571 0.5472883597883598 0.6168154761904762 0.5472883597883598 0.6168154761904762 0.5787037037037037 0.6071428571428571 0.5787037037037037
14 0.6170634920634921 0.546957671957672 0.6264880952380952 0.546957671957672 0.6264880952380952 0.5777116402116402 0.6170634920634921 0.5777116402116402
14 0.6267361111111112 0.5476190476190477 0.6361607142857143 0.5476190476190477 0.6361607142857143 0.5783730158730159 0.6267361111111112 0.5783730158730159
14 0.6364087301587301 0.5476190476190477 0.6468253968253969 0.5476190476190477 0.6468253968253969 0.5787037037037037 0.6364087301587301 0.5787037037037037
5 0.6046626984126984 0.6673280423280423 0.6659226190476191 0.6673280423280423 0.6659226190476191 0.7172619047619048 0.6046626984126984 0.7172619047619048
27 0.7175099206349206 0.6822089947089947 0.7896825396825397 0.6822089947089947 0.7896825396825397 0.716931216931217 0.7175099206349206 0.716931216931217