10 0.22321428571428573 0.31746031746031744 0.3521825396825397 0.31746031746031744 0.3521825396825397 0.5853174603174603 0.22321428571428573 0.5853174603174603
10 0.3637566137566138 0.3187003968253968 0.49272486772486773 0.3187003968253968 0.49272486772486773 0.5890376984126984 0.3637566137566138 0.5890376984126984
10 0.49933862433862436 0.3236607142857143 0.6365740740740741 0.3236607142857143 0.6365740740740741 0.5902777777777778 0.49933862433862436 0.5902777777777778
10 0.6382275132275133 0.326140873015873 0.7721560846560847 0.326140873015873 0.7721560846560847 0.5927579365079365 0.6382275132275133 0.5927579365079365
10 0.7721560846560847 0.34846230158730157 0.8713624338624338 0.34846230158730157 0.8713624338624338 0.5877976190476191 0.7721560846560847 0.5877976190476191
8 0.8796296296296297 0.3621031746031746 1 0.3621031746031746 1 0.5915178571428571 0.8796296296296297 0.5915178571428571
25 0 0.013640873015873016 0.08432539682539683 0.013640873015873016 0.08432539682539683 0.20089285714285715 0 0.20089285714285715
25 0.08597883597883597 0.01488095238095238 0.2099867724867725 0.01488095238095238 0.2099867724867725 0.2021329365079365 0.08597883597883597 0.2021329365079365
25 0.21494708994708994 0.017361111111111112 0.3290343915343915 0.017361111111111112 0.3290343915343915 0.21329365079365079 0.21494708994708994 0.21329365079365079
25 0.32407407407407407 0.01984126984126984 0.4497354497354497 0.01984126984126984 0.4497354497354497 0.2095734126984127 0.32407407407407407 0.2095734126984127
24 0 0.6634424603174603 0.05787037037037037 0.6634424603174603 0.05787037037037037 0.8841765873015873 0 0.8841765873015873
24 0.046296296296296294 0.6622023809523809 0.18683862433862433 0.6622023809523809 0.18683862433862433 0.8891369047619048 0.046296296296296294 0.8891369047619048
24 0.17857142857142858 0.6659226190476191 0.30423280423280424 0.6659226190476191 0.30423280423280424 0.9002976190476191 0.17857142857142858 0.9002976190476191
24 0.30257936507936506 0.6696428571428571 0.43154761904761907 0.6696428571428571 0.43154761904761907 0.8953373015873016 0.30257936507936506 0.8953373015873016
24 0.4332010582010582 0.6733630952380952 0.5588624338624338 0.6733630952380952 0.5588624338624338 0.9002976190476191 0.4332010582010582 0.9002976190476191
24 0.5704365079365079 0.6808035714285714 0.701058201058201 0.6808035714285714 0.701058201058201 0.9139384920634921 0.5704365079365079 0.9139384920634921
4 0.7192460317460317 0.6721230158730159 0.873015873015873 0.6721230158730159 0.873015873015873 0.9089781746031746 0.7192460317460317 0.9089781746031746
4 0.8680555555555556 0.6783234126984127 1 0.6783234126984127 1 0.9176587301587301 0.8680555555555556 0.9176587301587301
23 0.5205026455026455 0 0.7037037037037037 0 0.7037037037037037 0.20436507936507936 0.5205026455026455 0.20436507936507936
23 0.7017195767195767 0 0.8859126984126984 0 0.8859126984126984 0.20262896825396826 0.7017195767195767 0.20262896825396826
22 0.8865740740740741 0.015128968253968254 1 0.015128968253968254 1 0.2048611111111111 0.8865740740740741 0.2048611111111111