10 0 0.25669642857142855 0.19345238095238096 0.25669642857142855 0.19345238095238096 0.6907242063492064 0 0.6907242063492064
8 0.20833333333333334 0.26165674603174605 0.45634920634920634 0.26165674603174605 0.45634920634920634 0.703125 0.20833333333333334 0.703125
8 0.453042328042328 0.28521825396825395 0.6712962962962963 0.28521825396825395 0.6712962962962963 0.6994047619047619 0.453042328042328 0.6994047619047619
8 0.6762566137566137 0.30009920634920634 0.8763227513227513 0.30009920634920634 0.8763227513227513 0.6907242063492064 0.6762566137566137 0.6907242063492064
1 0.873015873015873 0.3038194444444444 1 0.3038194444444444 1 0.6882440476190477 0.873015873015873 0.6882440476190477
4 0 0.8556547619047619 0.13723544973544974 0.8556547619047619 0.13723544973544974 1 0 1
4 0 0.8072916666666666 0.17691798941798942 0.8072916666666666 0.17691798941798942 0.8482142857142857 0 0.8482142857142857
4 0.18022486772486773 0.7924107142857143 0.3951719576719577 0.7924107142857143 0.3951719576719577 0.8370535714285714 0.18022486772486773 0.8370535714285714
4 0.13558201058201058 0.845734126984127 0.40343915343915343 0.845734126984127 0.40343915343915343 1 0.13558201058201058 1
4 0.39351851851851855 0.8234126984126984 0.6481481481481481 0.8234126984126984 0.6481481481481481 1 0.39351851851851855 1
4 0.39021164021164023 0.7800099206349206 0.5886243386243386 0.7800099206349206 0.5886243386243386 0.8209325396825397 0.39021164021164023 0.8209325396825397
4 0.5654761904761905 0.7663690476190477 0.765542328042328 0.7663690476190477 0.765542328042328 0.8097718253968254 0.5654761904761905 0.8097718253968254
4 0.6084656084656085 0.7986111111111112 0.8581349206349206 0.7986111111111112 0.8581349206349206 1 0.6084656084656085 1
4 0.7953042328042328 0.7961309523809523 1 0.7961309523809523 1 1 0.7953042328042328 1