15 0.3369708994708995 0 0.4566798941798942 0 0.4566798941798942 0.11755952380952381 0.3369708994708995 0.11755952380952381
15 0.4494047619047619 0 0.5714285714285714 0 0.5714285714285714 0.10962301587301587 0.4494047619047619 0.10962301587301587
15 0.5727513227513228 0 0.7043650793650794 0 0.7043650793650794 0.10243055555555555 0.5727513227513228 0.10243055555555555
15 0.6994047619047619 0 0.830026455026455 0 0.830026455026455 0.09424603174603174 0.6994047619047619 0.09424603174603174
15 0.8313492063492064 0 0.9556878306878307 0 0.9556878306878307 0.09523809523809523 0.8313492063492064 0.09523809523809523
25 0.0013227513227513227 0.1765873015873016 0.1703042328042328 0.1765873015873016 0.1703042328042328 0.34970238095238093 0.0013227513227513227 0.34970238095238093
16 0.2923280423280423 0.42137896825396826 0.3611111111111111 0.42137896825396826 0.3611111111111111 0.5473710317460317 0.2923280423280423 0.5473710317460317
16 0.35284391534391535 0.4176587301587302 0.42394179894179895 0.4176587301587302 0.42394179894179895 0.5491071428571429 0.35284391534391535 0.5491071428571429
16 0.42394179894179895 0.4176587301587302 0.49404761904761907 0.4176587301587302 0.49404761904761907 0.5473710317460317 0.42394179894179895 0.5473710317460317
16 0.48578042328042326 0.4176587301587302 0.5595238095238095 0.4176587301587302 0.5595238095238095 0.5473710317460317 0.48578042328042326 0.5473710317460317
16 0.5582010582010583 0.41865079365079366 0.6283068783068783 0.41865079365079366 0.6283068783068783 0.5473710317460317 0.5582010582010583 0.5473710317460317
16 0.6355820105820106 0.41865079365079366 0.7066798941798942 0.41865079365079366 0.7066798941798942 0.5500992063492064 0.6355820105820106 0.5500992063492064
16 0.7056878306878307 0.4149305555555556 0.7791005291005291 0.4149305555555556 0.7791005291005291 0.5518353174603174 0.7056878306878307 0.5518353174603174
14 0.8009259259259259 0.40773809523809523 0.8869047619047619 0.40773809523809523 0.8869047619047619 0.5562996031746031 0.8009259259259259 0.5562996031746031
14 0.8951719576719577 0.41220238095238093 0.9761904761904762 0.41220238095238093 0.9761904761904762 0.5555555555555556 0.8951719576719577 0.5555555555555556
5 0.7718253968253969 0.8725198412698413 1 0.8725198412698413 1 1 0.7718253968253969 1