25 0.021494708994708994 0.33110119047619047 0.18353174603174602 0.33110119047619047 0.18353174603174602 0.5394345238095238 0.021494708994708994 0.5394345238095238
23 0.2414021164021164 0.27033730158730157 0.4298941798941799 0.27033730158730157 0.4298941798941799 0.5456349206349206 0.2414021164021164 0.5456349206349206
23 0.4298941798941799 0.27901785714285715 0.6068121693121693 0.27901785714285715 0.6068121693121693 0.5443948412698413 0.4298941798941799 0.5443948412698413
22 0.6068121693121693 0.3521825396825397 0.7440476190476191 0.3521825396825397 0.7440476190476191 0.5394345238095238 0.6068121693121693 0.5394345238095238
22 0.7423941798941799 0.36334325396825395 0.8812830687830688 0.36334325396825395 0.8812830687830688 0.5431547619047619 0.7423941798941799 0.5431547619047619
22 0.8630952380952381 0.3621031746031746 0.9904100529100529 0.3621031746031746 0.9904100529100529 0.5431547619047619 0.8630952380952381 0.5431547619047619
10 0 0.6634424603174603 0.06283068783068783 0.6634424603174603 0.06283068783068783 0.9858630952380952 0 0.9858630952380952
10 0.06613756613756613 0.6634424603174603 0.226521164021164 0.6634424603174603 0.226521164021164 0.9759424603174603 0.06613756613756613 0.9759424603174603
10 0.22321428571428573 0.6572420634920635 0.37533068783068785 0.6572420634920635 0.37533068783068785 0.9598214285714286 0.22321428571428573 0.9598214285714286
10 0.37202380952380953 0.652281746031746 0.517526455026455 0.652281746031746 0.517526455026455 0.9486607142857143 0.37202380952380953 0.9486607142857143
10 0.49437830687830686 0.6411210317460317 0.603505291005291 0.6411210317460317 0.603505291005291 0.8928571428571429 0.49437830687830686 0.8928571428571429
8 0.6084656084656085 0.6795634920634921 0.7787698412698413 0.6795634920634921 0.7787698412698413 0.9213789682539683 0.6084656084656085 0.9213789682539683
8 0.7572751322751323 0.6770833333333334 0.8829365079365079 0.6770833333333334 0.8829365079365079 0.9089781746031746 0.7572751322751323 0.9089781746031746
8 0.8664021164021164 0.6708829365079365 0.9821428571428571 0.6708829365079365 0.9821428571428571 0.8940972222222222 0.8664021164021164 0.8940972222222222