6 0.17237103174603174 0.5555555555555556 0.17857142857142858 0.5555555555555556 0.17857142857142858 0.5767195767195767 0.17237103174603174 0.5767195767195767
6 0.1783234126984127 0.5552248677248677 0.18526785714285715 0.5552248677248677 0.18526785714285715 0.5767195767195767 0.1783234126984127 0.5767195767195767
0 0.19642857142857142 0.5555555555555556 0.20362103174603174 0.5555555555555556 0.20362103174603174 0.5767195767195767 0.19642857142857142 0.5767195767195767
0 0.203125 0.5555555555555556 0.2105654761904762 0.5555555555555556 0.2105654761904762 0.5767195767195767 0.203125 0.5767195767195767
0 0.21081349206349206 0.5555555555555556 0.21726190476190477 0.5555555555555556 0.21726190476190477 0.5770502645502645 0.21081349206349206 0.5770502645502645
0 0.21676587301587302 0.5552248677248677 0.22172619047619047 0.5552248677248677 0.22172619047619047 0.5777116402116402 0.21676587301587302 0.5777116402116402
18 0.2961309523809524 0.4566798941798942 0.3236607142857143 0.4566798941798942 0.3236607142857143 0.48214285714285715 0.2961309523809524 0.48214285714285715
18 0.32341269841269843 0.45601851851851855 0.35143849206349204 0.45601851851851855 0.35143849206349204 0.4818121693121693 0.32341269841269843 0.4818121693121693
18 0.3506944444444444 0.4556878306878307 0.3777281746031746 0.4556878306878307 0.3777281746031746 0.48148148148148145 0.3506944444444444 0.48148148148148145
18 0.3774801587301587 0.45436507936507936 0.40500992063492064 0.45436507936507936 0.40500992063492064 0.4808201058201058 0.3774801587301587 0.4808201058201058
7 0.24975198412698413 0.49702380952380953 0.2611607142857143 0.49702380952380953 0.2611607142857143 0.5307539682539683 0.24975198412698413 0.5307539682539683
7 0.26091269841269843 0.4973544973544973 0.2725694444444444 0.4973544973544973 0.2725694444444444 0.5307539682539683 0.26091269841269843 0.5307539682539683
7 0.2718253968253968 0.4966931216931217 0.28422619047619047 0.4966931216931217 0.28422619047619047 0.5307539682539683 0.2718253968253968 0.5307539682539683
7 0.28447420634920634 0.4966931216931217 0.2958829365079365 0.4966931216931217 0.2958829365079365 0.5307539682539683 0.28447420634920634 0.5307539682539683
19 0.38566468253968256 0.4947089947089947 0.3975694444444444 0.4947089947089947 0.3975694444444444 0.5304232804232805 0.38566468253968256 0.5304232804232805
19 0.3978174603174603 0.4933862433862434 0.4089781746031746 0.4933862433862434 0.4089781746031746 0.5300925925925926 0.3978174603174603 0.5300925925925926
19 0.40848214285714285 0.4933862433862434 0.42063492063492064 0.4933862433862434 0.42063492063492064 0.5300925925925926 0.40848214285714285 0.5300925925925926
19 0.4201388888888889 0.49272486772486773 0.43253968253968256 0.49272486772486773 0.43253968253968256 0.5304232804232805 0.4201388888888889 0.5304232804232805
17 0.24875992063492064 0.5922619047619048 0.2594246031746032 0.5922619047619048 0.2594246031746032 0.6177248677248677 0.24875992063492064 0.6177248677248677
17 0.2594246031746032 0.5922619047619048 0.27132936507936506 0.5922619047619048 0.27132936507936506 0.6187169312169312 0.2594246031746032 0.6187169312169312
28 0.39186507936507936 0.6365740740740741 0.4025297619047619 0.6365740740740741 0.4025297619047619 0.6577380952380952 0.39186507936507936 0.6577380952380952
29 0.4025297619047619 0.6402116402116402 0.4114583333333333 0.6402116402116402 0.4114583333333333 0.6577380952380952 0.4025297619047619 0.6577380952380952
30 0.41294642857142855 0.6471560846560847 0.4228670634920635 0.6471560846560847 0.4228670634920635 0.6541005291005291 0.41294642857142855 0.6541005291005291
30 0.4126984126984127 0.6527777777777778 0.4226190476190476 0.6527777777777778 0.4226190476190476 0.66005291005291 0.4126984126984127 0.66005291005291
30 0.41592261904761907 0.640542328042328 0.42336309523809523 0.640542328042328 0.42336309523809523 0.646494708994709 0.41592261904761907 0.646494708994709
32 0.22321428571428573 0.6746031746031746 0.2537202380952381 0.6746031746031746 0.2537202380952381 0.7129629629629629 0.22321428571428573 0.7129629629629629
31 0.24702380952380953 0.6822089947089947 0.27306547619047616 0.6822089947089947 0.27306547619047616 0.71494708994709 0.24702380952380953 0.71494708994709
9 0.41096230158730157 0.6921296296296297 0.4193948412698413 0.6921296296296297 0.4193948412698413 0.720568783068783 0.41096230158730157 0.720568783068783
9 0.4184027777777778 0.6921296296296297 0.4270833333333333 0.6921296296296297 0.4270833333333333 0.7215608465608465 0.4184027777777778 0.7215608465608465
9 0.4270833333333333 0.6934523809523809 0.4350198412698413 0.6934523809523809 0.4350198412698413 0.7208994708994709 0.4270833333333333 0.7208994708994709
20 0.22544642857142858 0.7275132275132276 0.24032738095238096 0.7275132275132276 0.24032738095238096 0.7791005291005291 0.22544642857142858 0.7791005291005291
20 0.24032738095238096 0.7281746031746031 0.2542162698412698 0.7281746031746031 0.2542162698412698 0.7804232804232805 0.24032738095238096 0.7804232804232805
20 0.2542162698412698 0.7278439153439153 0.267609126984127 0.7278439153439153 0.267609126984127 0.7807539682539683 0.2542162698412698 0.7807539682539683
20 0.2673611111111111 0.7288359788359788 0.28125 0.7288359788359788 0.28125 0.7807539682539683 0.2673611111111111 0.7807539682539683
20 0.28100198412698413 0.7301587301587301 0.2961309523809524 0.7301587301587301 0.2961309523809524 0.7824074074074074 0.28100198412698413 0.7824074074074074
20 0.29563492063492064 0.730489417989418 0.3125 0.730489417989418 0.3125 0.7840608465608465 0.29563492063492064 0.7840608465608465
21 0.31572420634920634 0.734457671957672 0.33283730158730157 0.734457671957672 0.33283730158730157 0.7857142857142857 0.31572420634920634 0.7857142857142857
21 0.33283730158730157 0.7347883597883598 0.3506944444444444 0.7347883597883598 0.3506944444444444 0.7863756613756614 0.33283730158730157 0.7863756613756614
21 0.3501984126984127 0.7347883597883598 0.36731150793650796 0.7347883597883598 0.36731150793650796 0.7870370370370371 0.3501984126984127 0.7870370370370371
21 0.3665674603174603 0.7354497354497355 0.3844246031746032 0.7354497354497355 0.3844246031746032 0.7876984126984127 0.3665674603174603 0.7876984126984127
21 0.3836805555555556 0.7374338624338624 0.40500992063492064 0.7374338624338624 0.40500992063492064 0.7886904761904762 0.3836805555555556 0.7886904761904762
25 0.4853670634920635 0.38822751322751325 0.49677579365079366 0.38822751322751325 0.49677579365079366 0.4193121693121693 0.4853670634920635 0.4193121693121693
25 0.4965277777777778 0.3869047619047619 0.5081845238095238 0.3869047619047619 0.5081845238095238 0.419973544973545 0.4965277777777778 0.419973544973545
25 0.5079365079365079 0.3872354497354497 0.519593253968254 0.3872354497354497 0.519593253968254 0.41898148148148145 0.5079365079365079 0.41898148148148145
25 0.5193452380952381 0.38657407407407407 0.5307539682539683 0.38657407407407407 0.5307539682539683 0.41898148148148145 0.5193452380952381 0.41898148148148145
25 0.44568452380952384 0.5873015873015873 0.45709325396825395 0.5873015873015873 0.45709325396825395 0.6197089947089947 0.44568452380952384 0.6197089947089947
25 0.4568452380952381 0.5866402116402116 0.46850198412698413 0.5866402116402116 0.46850198412698413 0.6207010582010583 0.4568452380952381 0.6207010582010583
25 0.46850198412698413 0.5866402116402116 0.4799107142857143 0.5866402116402116 0.4799107142857143 0.621031746031746 0.46850198412698413 0.621031746031746
25 0.4799107142857143 0.5873015873015873 0.4937996031746032 0.5873015873015873 0.4937996031746032 0.621031746031746 0.4799107142857143 0.621031746031746
23 0.5372023809523809 0.373015873015873 0.5538194444444444 0.373015873015873 0.5538194444444444 0.41898148148148145 0.5372023809523809 0.41898148148148145
23 0.5540674603174603 0.3723544973544973 0.5706845238095238 0.3723544973544973 0.5706845238095238 0.41798941798941797 0.5540674603174603 0.41798941798941797
22 0.5704365079365079 0.3835978835978836 0.5853174603174603 0.3835978835978836 0.5853174603174603 0.4176587301587302 0.5704365079365079 0.4176587301587302
22 0.5848214285714286 0.38326719576719576 0.6001984126984127 0.38326719576719576 0.6001984126984127 0.4169973544973545 0.5848214285714286 0.4169973544973545
22 0.5999503968253969 0.3826058201058201 0.6145833333333334 0.3826058201058201 0.6145833333333334 0.41633597883597884 0.5999503968253969 0.41633597883597884
27 0.6212797619047619 0.3888888888888889 0.6865079365079365 0.3888888888888889 0.6865079365079365 0.41435185185185186 0.6212797619047619 0.41435185185185186
27 0.6867559523809523 0.38591269841269843 0.7552083333333334 0.38591269841269843 0.7552083333333334 0.41335978835978837 0.6867559523809523 0.41335978835978837
12 0.4409722222222222 0.44675925925925924 0.455109126984127 0.44675925925925924 0.455109126984127 0.48148148148148145 0.4409722222222222 0.48148148148148145
13 0.45709325396825395 0.44642857142857145 0.46850198412698413 0.44642857142857145 0.46850198412698413 0.4818121693121693 0.45709325396825395 0.4818121693121693
13 0.46850198412698413 0.4460978835978836 0.47966269841269843 0.4460978835978836 0.47966269841269843 0.48115079365079366 0.46850198412698413 0.48115079365079366
13 0.4791666666666667 0.44576719576719576 0.4908234126984127 0.44576719576719576 0.4908234126984127 0.48048941798941797 0.4791666666666667 0.48048941798941797
10 0.5114087301587301 0.4384920634920635 0.5243055555555556 0.4384920634920635 0.5243055555555556 0.4808201058201058 0.5114087301587301 0.4808201058201058
10 0.5238095238095238 0.43783068783068785 0.5364583333333334 0.43783068783068785 0.5364583333333334 0.48048941798941797 0.5238095238095238 0.48048941798941797
10 0.5364583333333334 0.4375 0.5491071428571429 0.4375 0.5491071428571429 0.4801587301587302 0.5364583333333334 0.4801587301587302
10 0.548859126984127 0.43716931216931215 0.5617559523809523 0.43716931216931215 0.5617559523809523 0.48048941798941797 0.548859126984127 0.48048941798941797
10 0.5620039682539683 0.43882275132275134 0.5751488095238095 0.43882275132275134 0.5751488095238095 0.48048941798941797 0.5620039682539683 0.48048941798941797
8 0.5751488095238095 0.44246031746031744 0.5860615079365079 0.44246031746031744 0.5860615079365079 0.4791666666666667 0.5751488095238095 0.4791666666666667
8 0.5863095238095238 0.4417989417989418 0.5989583333333334 0.4417989417989418 0.5989583333333334 0.478505291005291 0.5863095238095238 0.478505291005291
8 0.5992063492063492 0.44113756613756616 0.6108630952380952 0.44113756613756616 0.6108630952380952 0.48048941798941797 0.5992063492063492 0.48048941798941797
1 0.6108630952380952 0.44047619047619047 0.623015873015873 0.44047619047619047 0.623015873015873 0.4791666666666667 0.6108630952380952 0.4791666666666667
1 0.623015873015873 0.4401455026455027 0.6346726190476191 0.4401455026455027 0.6346726190476191 0.4781746031746032 0.623015873015873 0.4781746031746032
1 0.6356646825396826 0.4408068783068783 0.6468253968253969 0.4408068783068783 0.6468253968253969 0.4791666666666667 0.6356646825396826 0.4791666666666667
2 0.6498015873015873 0.43452380952380953 0.6654265873015873 0.43452380952380953 0.6654265873015873 0.478505291005291 0.6498015873015873 0.478505291005291
2 0.6646825396825397 0.43353174603174605 0.6798115079365079 0.43353174603174605 0.6798115079365079 0.478505291005291 0.6646825396825397 0.478505291005291
26 0.47197420634920634 0.49503968253968256 0.4836309523809524 0.49503968253968256 0.4836309523809524 0.5300925925925926 0.47197420634920634 0.5300925925925926
24 0.4861111111111111 0.4966931216931217 0.498015873015873 0.4966931216931217 0.498015873015873 0.5304232804232805 0.4861111111111111 0.5304232804232805
24 0.4975198412698413 0.49702380952380953 0.5089285714285714 0.49702380952380953 0.5089285714285714 0.5307539682539683 0.4975198412698413 0.5307539682539683
24 0.5084325396825397 0.4973544973544973 0.5205853174603174 0.4973544973544973 0.5205853174603174 0.5300925925925926 0.5084325396825397 0.5300925925925926
24 0.5203373015873016 0.49702380952380953 0.5314980158730159 0.49702380952380953 0.5314980158730159 0.5300925925925926 0.5203373015873016 0.5300925925925926
24 0.5314980158730159 0.4966931216931217 0.5441468253968254 0.4966931216931217 0.5441468253968254 0.5300925925925926 0.5314980158730159 0.5300925925925926
24 0.5438988095238095 0.4966931216931217 0.5562996031746031 0.4966931216931217 0.5562996031746031 0.5300925925925926 0.5438988095238095 0.5300925925925926
4 0.5587797619047619 0.49636243386243384 0.5719246031746031 0.49636243386243384 0.5719246031746031 0.5307539682539683 0.5587797619047619 0.5307539682539683
4 0.5711805555555556 0.49503968253968256 0.5850694444444444 0.49503968253968256 0.5850694444444444 0.5317460317460317 0.5711805555555556 0.5317460317460317
4 0.5843253968253969 0.4947089947089947 0.597718253968254 0.4947089947089947 0.597718253968254 0.5317460317460317 0.5843253968253969 0.5317460317460317
4 0.5974702380952381 0.49503968253968256 0.6111111111111112 0.49503968253968256 0.6111111111111112 0.5307539682539683 0.5974702380952381 0.5307539682539683
4 0.6108630952380952 0.49537037037037035 0.6245039682539683 0.49537037037037035 0.6245039682539683 0.531084656084656 0.6108630952380952 0.531084656084656
11 0.6267361111111112 0.49107142857142855 0.6388888888888888 0.49107142857142855 0.6388888888888888 0.5297619047619048 0.6267361111111112 0.5297619047619048
11 0.638640873015873 0.4904100529100529 0.6512896825396826 0.4904100529100529 0.6512896825396826 0.5297619047619048 0.638640873015873 0.5297619047619048
11 0.6505456349206349 0.48974867724867727 0.6644345238095238 0.48974867724867727 0.6644345238095238 0.5297619047619048 0.6505456349206349 0.5297619047619048
11 0.6639384920634921 0.4904100529100529 0.6778273809523809 0.4904100529100529 0.6778273809523809 0.5297619047619048 0.6639384920634921 0.5297619047619048
15 0.5178571428571429 0.546957671957672 0.529265873015873 0.546957671957672 0.529265873015873 0.5810185185185185 0.5178571428571429 0.5810185185185185
15 0.5290178571428571 0.546957671957672 0.5409226190476191 0.546957671957672 0.5409226190476191 0.5806878306878307 0.5290178571428571 0.5806878306878307
15 0.5409226190476191 0.5456349206349206 0.5530753968253969 0.5456349206349206 0.5530753968253969 0.582010582010582 0.5409226190476191 0.582010582010582
15 0.5525793650793651 0.5482804232804233 0.5654761904761905 0.5482804232804233 0.5654761904761905 0.5810185185185185 0.5525793650793651 0.5810185185185185
15 0.5652281746031746 0.5456349206349206 0.5773809523809523 0.5456349206349206 0.5773809523809523 0.582010582010582 0.5652281746031746 0.582010582010582
15 0.5771329365079365 0.5472883597883598 0.5910218253968254 0.5472883597883598 0.5910218253968254 0.5813492063492064 0.5771329365079365 0.5813492063492064
16 0.5106646825396826 0.6352513227513228 0.5183531746031746 0.6352513227513228 0.5183531746031746 0.6620370370370371 0.5106646825396826 0.6620370370370371
16 0.5181051587301587 0.6352513227513228 0.5250496031746031 0.6352513227513228 0.5250496031746031 0.6623677248677249 0.5181051587301587 0.6623677248677249
16 0.5255456349206349 0.6359126984126984 0.5327380952380952 0.6359126984126984 0.5327380952380952 0.6626984126984127 0.5255456349206349 0.6626984126984127
16 0.5327380952380952 0.6362433862433863 0.5401785714285714 0.6362433862433863 0.5401785714285714 0.6633597883597884 0.5327380952380952 0.6633597883597884
16 0.5401785714285714 0.6362433862433863 0.5483630952380952 0.6362433862433863 0.5483630952380952 0.6636904761904762 0.5401785714285714 0.6636904761904762
16 0.5483630952380952 0.6362433862433863 0.5560515873015873 0.6362433862433863 0.5560515873015873 0.6633597883597884 0.5483630952380952 0.6633597883597884
16 0.5558035714285714 0.6359126984126984 0.5649801587301587 0.6359126984126984 0.5649801587301587 0.6633597883597884 0.5558035714285714 0.6633597883597884
14 0.5669642857142857 0.6349206349206349 0.5756448412698413 0.6349206349206349 0.5756448412698413 0.6636904761904762 0.5669642857142857 0.6636904761904762
14 0.5756448412698413 0.6352513227513228 0.5843253968253969 0.6352513227513228 0.5843253968253969 0.6646825396825397 0.5756448412698413 0.6646825396825397
14 0.5843253968253969 0.6355820105820106 0.5927579365079365 0.6355820105820106 0.5927579365079365 0.6646825396825397 0.5843253968253969 0.6646825396825397
14 0.5930059523809523 0.6362433862433863 0.6019345238095238 0.6362433862433863 0.6019345238095238 0.666005291005291 0.5930059523809523 0.666005291005291
5 0.5701884920634921 0.7569444444444444 0.6247519841269841 0.7569444444444444 0.6247519841269841 0.8052248677248677 0.5701884920634921 0.8052248677248677
27 0.6860119047619048 0.7761243386243386 0.753968253968254 0.7761243386243386 0.753968253968254 0.8167989417989417 0.6860119047619048 0.8167989417989417