10 0 0.25793650793650796 0.11408730158730158 0.25793650793650796 0.11408730158730158 0.5580357142857143 0 0.5580357142857143
10 0.10912698412698413 0.2876984126984127 0.2347883597883598 0.2876984126984127 0.2347883597883598 0.5530753968253969 0.10912698412698413 0.5530753968253969
8 0.20006613756613756 0.2864583333333333 0.33895502645502645 0.2864583333333333 0.33895502645502645 0.5543154761904762 0.20006613756613756 0.5543154761904762
8 0.33895502645502645 0.2864583333333333 0.49107142857142855 0.2864583333333333 0.49107142857142855 0.5543154761904762 0.33895502645502645 0.5543154761904762
8 0.49272486772486773 0.2926587301587302 0.6382275132275133 0.2926587301587302 0.6382275132275133 0.5555555555555556 0.49272486772486773 0.5555555555555556
1 0.6415343915343915 0.2864583333333333 0.7903439153439153 0.2864583333333333 0.7903439153439153 0.5567956349206349 0.6415343915343915 0.5567956349206349
1 0.7986111111111112 0.28273809523809523 0.9623015873015873 0.28273809523809523 0.9623015873015873 0.5518353174603174 0.7986111111111112 0.5518353174603174
4 0 0.6460813492063492 0.16534391534391535 0.6460813492063492 0.16534391534391535 0.9040178571428571 0 0.9040178571428571
4 0.16203703703703703 0.6460813492063492 0.3158068783068783 0.6460813492063492 0.3158068783068783 0.9089781746031746 0.16203703703703703 0.9089781746031746
4 0.31415343915343913 0.6535218253968254 0.48115079365079366 0.6535218253968254 0.48115079365079366 0.9164186507936508 0.31415343915343913 0.9164186507936508
4 0.4728835978835979 0.6498015873015873 0.6382275132275133 0.6498015873015873 0.6382275132275133 0.9114583333333334 0.4728835978835979 0.9114583333333334
4 0.6365740740740741 0.6510416666666666 0.8019179894179894 0.6510416666666666 0.8019179894179894 0.9151785714285714 0.6365740740740741 0.9151785714285714
11 0.7986111111111112 0.6138392857142857 0.9259259259259259 0.6138392857142857 0.9259259259259259 0.8668154761904762 0.7986111111111112 0.8668154761904762
11 0.9556878306878307 0.6336805555555556 1 0.6336805555555556 1 0.8978174603174603 0.9556878306878307 0.8978174603174603
27 0.7242063492063492 0 1 0 1 0.10912698412698413 0.7242063492063492 0.10912698412698413
23 0 0 0.1593915343915344 0 0.1593915343915344 0.12251984126984126 0 0.12251984126984126
22 0.15542328042328044 0.001240079365079365 0.3323412698412698 0.001240079365079365 0.3323412698412698 0.11433531746031746 0.15542328042328044 0.11433531746031746
22 0.3323412698412698 0 0.5122354497354498 0 0.5122354497354498 0.11160714285714286 0.3323412698412698 0.11160714285714286
22 0.5042989417989417 0 0.6792328042328042 0 0.6792328042328042 0.11160714285714286 0.5042989417989417 0.11160714285714286