18 0.2279265873015873 0.43253968253968256 0.27058531746031744 0.43253968253968256 0.27058531746031744 0.46924603174603174 0.2279265873015873 0.46924603174603174
18 0.26959325396825395 0.43154761904761907 0.30952380952380953 0.43154761904761907 0.30952380952380953 0.4699074074074074 0.26959325396825395 0.4699074074074074
18 0.30952380952380953 0.4305555555555556 0.3499503968253968 0.4305555555555556 0.3499503968253968 0.4666005291005291 0.30952380952380953 0.4666005291005291
18 0.3499503968253968 0.4298941798941799 0.39012896825396826 0.4298941798941799 0.39012896825396826 0.46726190476190477 0.3499503968253968 0.46726190476190477
7 0.15649801587301587 0.49206349206349204 0.17509920634920634 0.49206349206349204 0.17509920634920634 0.5462962962962963 0.15649801587301587 0.5462962962962963
7 0.1736111111111111 0.49206349206349204 0.19270833333333334 0.49206349206349204 0.19270833333333334 0.5456349206349206 0.1736111111111111 0.5456349206349206
7 0.1909722222222222 0.49173280423280424 0.20907738095238096 0.49173280423280424 0.20907738095238096 0.5443121693121693 0.1909722222222222 0.5443121693121693
7 0.20858134920634921 0.49173280423280424 0.2269345238095238 0.49173280423280424 0.2269345238095238 0.5416666666666666 0.20858134920634921 0.5416666666666666
19 0.3618551587301587 0.4837962962962963 0.37996031746031744 0.4837962962962963 0.37996031746031744 0.5376984126984127 0.3618551587301587 0.5376984126984127
19 0.3792162698412698 0.48214285714285715 0.39806547619047616 0.48214285714285715 0.39806547619047616 0.5373677248677249 0.3792162698412698 0.5373677248677249
19 0.3958333333333333 0.4801587301587302 0.41443452380952384 0.4801587301587302 0.41443452380952384 0.53505291005291 0.3958333333333333 0.53505291005291
19 0.41393849206349204 0.4794973544973545 0.4322916666666667 0.4794973544973545 0.4322916666666667 0.53505291005291 0.41393849206349204 0.53505291005291
17 0.1552579365079365 0.6326058201058201 0.17336309523809523 0.6326058201058201 0.17336309523809523 0.6703042328042328 0.1552579365079365 0.6703042328042328
17 0.1728670634920635 0.6322751322751323 0.19171626984126985 0.6322751322751323 0.19171626984126985 0.6712962962962963 0.1728670634920635 0.6712962962962963
28 0.37375992063492064 0.6858465608465608 0.39037698412698413 0.6858465608465608 0.39037698412698413 0.7182539682539683 0.37375992063492064 0.7182539682539683
29 0.38839285714285715 0.6908068783068783 0.4027777777777778 0.6908068783068783 0.4027777777777778 0.716931216931217 0.38839285714285715 0.716931216931217
30 0.40302579365079366 0.701058201058201 0.4184027777777778 0.701058201058201 0.4184027777777778 0.7096560846560847 0.40302579365079366 0.7096560846560847
30 0.40302579365079366 0.708994708994709 0.4193948412698413 0.708994708994709 0.4193948412698413 0.718584656084656 0.40302579365079366 0.718584656084656
30 0.4072420634920635 0.6911375661375662 0.42038690476190477 0.6911375661375662 0.42038690476190477 0.7000661375661376 0.4072420634920635 0.7000661375661376
32 0.1148313492063492 0.763558201058201 0.14905753968253968 0.763558201058201 0.14905753968253968 0.8154761904761905 0.1148313492063492 0.8154761904761905
31 0.1515376984126984 0.763558201058201 0.19370039682539683 0.763558201058201 0.19370039682539683 0.8138227513227513 0.1515376984126984 0.8138227513227513
9 0.40476190476190477 0.7642195767195767 0.41617063492063494 0.7642195767195767 0.41617063492063494 0.8048941798941799 0.40476190476190477 0.8048941798941799
9 0.4146825396825397 0.7632275132275133 0.42658730158730157 0.7632275132275133 0.42658730158730157 0.8055555555555556 0.4146825396825397 0.8055555555555556
9 0.4263392857142857 0.7645502645502645 0.4392361111111111 0.7645502645502645 0.4392361111111111 0.8072089947089947 0.4263392857142857 0.8072089947089947
20 0.11805555555555555 0.8363095238095238 0.1416170634920635 0.8363095238095238 0.1416170634920635 0.916005291005291 0.11805555555555555 0.916005291005291
20 0.13988095238095238 0.833994708994709 0.16393849206349206 0.833994708994709 0.16393849206349206 0.9140211640211641 0.13988095238095238 0.9140211640211641
20 0.16294642857142858 0.8333333333333334 0.18601190476190477 0.8333333333333334 0.18601190476190477 0.9126984126984127 0.16294642857142858 0.9126984126984127
20 0.1857638888888889 0.833994708994709 0.2078373015873016 0.833994708994709 0.2078373015873016 0.9136904761904762 0.1857638888888889 0.9136904761904762
20 0.2065972222222222 0.8316798941798942 0.22842261904761904 0.8316798941798942 0.22842261904761904 0.9107142857142857 0.2065972222222222 0.9107142857142857
20 0.2286706349206349 0.8296957671957672 0.2562003968253968 0.8296957671957672 0.2562003968253968 0.9110449735449735 0.2286706349206349 0.9110449735449735
21 0.25992063492063494 0.8346560846560847 0.28695436507936506 0.8346560846560847 0.28695436507936506 0.9093915343915344 0.25992063492063494 0.9093915343915344
21 0.2857142857142857 0.8346560846560847 0.31225198412698413 0.8346560846560847 0.31225198412698413 0.91005291005291 0.2857142857142857 0.91005291005291
21 0.31101190476190477 0.8310185185185185 0.3382936507936508 0.8310185185185185 0.3382936507936508 0.908068783068783 0.31101190476190477 0.908068783068783
21 0.33705357142857145 0.8330026455026455 0.3655753968253968 0.8330026455026455 0.3655753968253968 0.91005291005291 0.33705357142857145 0.91005291005291
21 0.36259920634920634 0.830026455026455 0.39211309523809523 0.830026455026455 0.39211309523809523 0.9067460317460317 0.36259920634920634 0.9067460317460317
25 0.5052083333333334 0.33201058201058203 0.5205853174603174 0.33201058201058203 0.5205853174603174 0.37896825396825395 0.5052083333333334 0.37896825396825395
25 0.5213293650793651 0.3333333333333333 0.5372023809523809 0.3333333333333333 0.5372023809523809 0.37566137566137564 0.5213293650793651 0.37566137566137564
25 0.5369543650793651 0.33101851851851855 0.5523313492063492 0.33101851851851855 0.5523313492063492 0.37566137566137564 0.5369543650793651 0.37566137566137564
25 0.5530753968253969 0.33101851851851855 0.5682043650793651 0.33101851851851855 0.5682043650793651 0.3740079365079365 0.5530753968253969 0.3740079365079365
23 0.5768849206349206 0.31216931216931215 0.5999503968253969 0.31216931216931215 0.5999503968253969 0.37433862433862436 0.5768849206349206 0.37433862433862436
23 0.6006944444444444 0.31084656084656087 0.6232638888888888 0.31084656084656087 0.6232638888888888 0.3740079365079365 0.6006944444444444 0.3740079365079365
22 0.6237599206349206 0.3253968253968254 0.6440972222222222 0.3253968253968254 0.6440972222222222 0.3707010582010582 0.6237599206349206 0.3707010582010582
22 0.6436011904761905 0.32506613756613756 0.6636904761904762 0.32506613756613756 0.6636904761904762 0.36904761904761907 0.6436011904761905 0.36904761904761907
22 0.6644345238095238 0.32407407407407407 0.6827876984126984 0.32407407407407407 0.6827876984126984 0.37003968253968256 0.6644345238095238 0.37003968253968256
27 0.6862599206349206 0.330026455026455 0.7797619047619048 0.330026455026455 0.7797619047619048 0.3664021164021164 0.6862599206349206 0.3664021164021164
27 0.7767857142857143 0.3247354497354497 0.871031746031746 0.3247354497354497 0.871031746031746 0.36177248677248675 0.7767857142857143 0.36177248677248675
12 0.44221230158730157 0.4150132275132275 0.4595734126984127 0.4150132275132275 0.4595734126984127 0.46395502645502645 0.44221230158730157 0.46395502645502645
13 0.4660218253968254 0.41435185185185186 0.48313492063492064 0.41435185185185186 0.48313492063492064 0.46494708994708994 0.4660218253968254 0.46494708994708994
13 0.4818948412698413 0.41369047619047616 0.49776785714285715 0.41369047619047616 0.49776785714285715 0.46296296296296297 0.4818948412698413 0.46296296296296297
13 0.498015873015873 0.41435185185185186 0.5141369047619048 0.41435185185185186 0.5141369047619048 0.4623015873015873 0.498015873015873 0.4623015873015873
10 0.5426587301587301 0.40145502645502645 0.5602678571428571 0.40145502645502645 0.5602678571428571 0.4603174603174603 0.5426587301587301 0.4603174603174603
10 0.5597718253968254 0.3998015873015873 0.5776289682539683 0.3998015873015873 0.5776289682539683 0.46064814814814814 0.5597718253968254 0.46064814814814814
10 0.5778769841269841 0.40145502645502645 0.5962301587301587 0.40145502645502645 0.5962301587301587 0.4593253968253968 0.5778769841269841 0.4593253968253968
10 0.5959821428571429 0.39914021164021163 0.6121031746031746 0.39914021164021163 0.6121031746031746 0.4576719576719577 0.5959821428571429 0.4576719576719577
10 0.6118551587301587 0.4027777777777778 0.6284722222222222 0.4027777777777778 0.6284722222222222 0.4580026455026455 0.6118551587301587 0.4580026455026455
8 0.6284722222222222 0.4044312169312169 0.6480654761904762 0.4044312169312169 0.6480654761904762 0.45634920634920634 0.6284722222222222 0.45634920634920634
8 0.6468253968253969 0.40244708994708994 0.6641865079365079 0.40244708994708994 0.6641865079365079 0.4537037037037037 0.6468253968253969 0.4537037037037037
8 0.6644345238095238 0.4041005291005291 0.6812996031746031 0.4041005291005291 0.6812996031746031 0.4540343915343915 0.6644345238095238 0.4540343915343915
1 0.6805555555555556 0.40046296296296297 0.6979166666666666 0.40046296296296297 0.6979166666666666 0.45436507936507936 0.6805555555555556 0.45436507936507936
1 0.6981646825396826 0.3994708994708995 0.7140376984126984 0.3994708994708995 0.7140376984126984 0.453042328042328 0.6981646825396826 0.453042328042328
1 0.7135416666666666 0.39880952380952384 0.7299107142857143 0.39880952380952384 0.7299107142857143 0.45271164021164023 0.7135416666666666 0.45271164021164023
2 0.7299107142857143 0.39186507936507936 0.7532242063492064 0.39186507936507936 0.7532242063492064 0.4523809523809524 0.7299107142857143 0.4523809523809524
2 0.7532242063492064 0.3915343915343915 0.7723214285714286 0.3915343915343915 0.7723214285714286 0.4513888888888889 0.7532242063492064 0.4513888888888889
26 0.4880952380952381 0.48313492063492064 0.503968253968254 0.48313492063492064 0.503968253968254 0.5297619047619048 0.4880952380952381 0.5297619047619048
24 0.5089285714285714 0.4834656084656085 0.5240575396825397 0.4834656084656085 0.5240575396825397 0.5287698412698413 0.5089285714285714 0.5287698412698413
24 0.5250496031746031 0.484457671957672 0.5406746031746031 0.484457671957672 0.5406746031746031 0.5291005291005291 0.5250496031746031 0.5291005291005291
24 0.5406746031746031 0.4837962962962963 0.5567956349206349 0.4837962962962963 0.5567956349206349 0.5284391534391535 0.5406746031746031 0.5284391534391535
24 0.5562996031746031 0.48214285714285715 0.5731646825396826 0.48214285714285715 0.5731646825396826 0.52744708994709 0.5562996031746031 0.52744708994709
24 0.5734126984126984 0.4808201058201058 0.5890376984126984 0.4808201058201058 0.5890376984126984 0.5287698412698413 0.5734126984126984 0.5287698412698413
24 0.5890376984126984 0.4808201058201058 0.6063988095238095 0.4808201058201058 0.6063988095238095 0.5267857142857143 0.5890376984126984 0.5267857142857143
4 0.609375 0.478505291005291 0.628968253968254 0.478505291005291 0.628968253968254 0.5264550264550265 0.609375 0.5264550264550265
4 0.6279761904761905 0.4775132275132275 0.6470734126984127 0.4775132275132275 0.6470734126984127 0.52744708994709 0.6279761904761905 0.52744708994709
4 0.6463293650793651 0.4781746031746032 0.6646825396825397 0.4781746031746032 0.6646825396825397 0.5251322751322751 0.6463293650793651 0.5251322751322751
4 0.6639384920634921 0.47619047619047616 0.6815476190476191 0.47619047619047616 0.6815476190476191 0.5244708994708994 0.6639384920634921 0.5244708994708994
4 0.6810515873015873 0.478505291005291 0.7003968253968254 0.478505291005291 0.7003968253968254 0.5231481481481481 0.6810515873015873 0.5231481481481481
11 0.699156746031746 0.4712301587301587 0.7155257936507936 0.4712301587301587 0.7155257936507936 0.5231481481481481 0.699156746031746 0.5231481481481481
11 0.7182539682539683 0.46825396825396826 0.7358630952380952 0.46825396825396826 0.7358630952380952 0.5224867724867724 0.7182539682539683 0.5224867724867724
11 0.7358630952380952 0.4656084656084656 0.7537202380952381 0.4656084656084656 0.7537202380952381 0.5218253968253969 0.7358630952380952 0.5218253968253969
11 0.7532242063492064 0.4666005291005291 0.7705853174603174 0.4666005291005291 0.7705853174603174 0.5224867724867724 0.7532242063492064 0.5224867724867724
15 0.5525793650793651 0.5532407407407407 0.5691964285714286 0.5532407407407407 0.5691964285714286 0.59755291005291 0.5525793650793651 0.59755291005291
15 0.5694444444444444 0.5525793650793651 0.5868055555555556 0.5525793650793651 0.5868055555555556 0.5972222222222222 0.5694444444444444 0.5972222222222222
15 0.5868055555555556 0.5505952380952381 0.6039186507936508 0.5505952380952381 0.6039186507936508 0.5965608465608465 0.5868055555555556 0.5965608465608465
15 0.6044146825396826 0.5486111111111112 0.6215277777777778 0.5486111111111112 0.6215277777777778 0.59755291005291 0.6044146825396826 0.59755291005291
15 0.6205357142857143 0.5496031746031746 0.6378968253968254 0.5496031746031746 0.6378968253968254 0.5992063492063492 0.6205357142857143 0.5992063492063492
15 0.6376488095238095 0.5509259259259259 0.6540178571428571 0.5509259259259259 0.6540178571428571 0.5962301587301587 0.6376488095238095 0.5962301587301587
25 0.45287698412698413 0.6121031746031746 0.46875 0.6121031746031746 0.46875 0.6597222222222222 0.45287698412698413 0.6597222222222222
25 0.46850198412698413 0.6130952380952381 0.48586309523809523 0.6130952380952381 0.48586309523809523 0.6583994708994709 0.46850198412698413 0.6583994708994709
25 0.48561507936507936 0.6104497354497355 0.5022321428571429 0.6104497354497355 0.5022321428571429 0.658068783068783 0.48561507936507936 0.658068783068783
25 0.5014880952380952 0.6091269841269841 0.5188492063492064 0.6091269841269841 0.5188492063492064 0.6557539682539683 0.5014880952380952 0.6557539682539683
16 0.5453869047619048 0.6752645502645502 0.5570436507936508 0.6752645502645502 0.5570436507936508 0.7132936507936508 0.5453869047619048 0.7132936507936508
16 0.5567956349206349 0.6736111111111112 0.5667162698412699 0.6736111111111112 0.5667162698412699 0.7119708994708994 0.5567956349206349 0.7119708994708994
16 0.5672123015873016 0.6742724867724867 0.5791170634920635 0.6742724867724867 0.5791170634920635 0.7136243386243386 0.5672123015873016 0.7136243386243386
16 0.578125 0.6736111111111112 0.5887896825396826 0.6736111111111112 0.5887896825396826 0.7132936507936508 0.578125 0.7132936507936508
16 0.5863095238095238 0.6726190476190477 0.5989583333333334 0.6726190476190477 0.5989583333333334 0.7123015873015873 0.5863095238095238 0.7123015873015873
16 0.5992063492063492 0.6729497354497355 0.6111111111111112 0.6729497354497355 0.6111111111111112 0.7123015873015873 0.5992063492063492 0.7123015873015873
16 0.6098710317460317 0.6722883597883598 0.6217757936507936 0.6722883597883598 0.6217757936507936 0.7116402116402116 0.6098710317460317 0.7116402116402116
14 0.6254960317460317 0.6689814814814815 0.6383928571428571 0.6689814814814815 0.6383928571428571 0.7106481481481481 0.6254960317460317 0.7106481481481481
14 0.6388888888888888 0.6706349206349206 0.6505456349206349 0.6706349206349206 0.6505456349206349 0.7113095238095238 0.6388888888888888 0.7113095238095238
14 0.6502976190476191 0.669973544973545 0.6626984126984127 0.669973544973545 0.6626984126984127 0.7096560846560847 0.6502976190476191 0.7096560846560847
14 0.6636904761904762 0.6703042328042328 0.6746031746031746 0.6703042328042328 0.6746031746031746 0.7109788359788359 0.6636904761904762 0.7109788359788359
5 0.6297123015873016 0.8369708994708994 0.7083333333333334 0.8369708994708994 0.7083333333333334 0.9027777777777778 0.6297123015873016 0.9027777777777778
27 0.7854662698412699 0.8525132275132276 0.8856646825396826 0.8525132275132276 0.8856646825396826 0.9021164021164021 0.7854662698412699 0.9021164021164021
0 0.07217261904761904 0.5813492063492064 0.0835813492063492 0.5813492063492064 0.0835813492063492 0.6137566137566137 0.07217261904761904 0.6137566137566137
0 0.0818452380952381 0.5810185185185185 0.09449404761904762 0.5810185185185185 0.09449404761904762 0.6154100529100529 0.0818452380952381 0.6154100529100529
0 0.09399801587301587 0.5813492063492064 0.10615079365079365 0.5813492063492064 0.10615079365079365 0.6160714285714286 0.09399801587301587 0.6160714285714286
0 0.10515873015873016 0.5813492063492064 0.11408730158730158 0.5813492063492064 0.11408730158730158 0.6160714285714286 0.10515873015873016 0.6160714285714286
6 0.033482142857142856 0.583994708994709 0.04389880952380952 0.583994708994709 0.04389880952380952 0.6160714285714286 0.033482142857142856 0.6160714285714286
6 0.04365079365079365 0.583994708994709 0.05431547619047619 0.583994708994709 0.05431547619047619 0.6150793650793651 0.04365079365079365 0.6150793650793651