25 0.3819444444444444 0.27529761904761907 0.4712301587301587 0.27529761904761907 0.4712301587301587 0.4117063492063492 0.3819444444444444 0.4117063492063492
25 0.47453703703703703 0.26413690476190477 0.5588624338624338 0.26413690476190477 0.5588624338624338 0.40302579365079366 0.47453703703703703 0.40302579365079366
25 0.5539021164021164 0.24801587301587302 0.6514550264550265 0.24801587301587302 0.6514550264550265 0.39806547619047616 0.5539021164021164 0.39806547619047616
25 0.6498015873015873 0.23313492063492064 0.7556216931216931 0.23313492063492064 0.7556216931216931 0.38938492063492064 0.6498015873015873 0.38938492063492064
12 0.04298941798941799 0.5369543650793651 0.15046296296296297 0.5369543650793651 0.15046296296296297 0.6932043650793651 0.04298941798941799 0.6932043650793651
13 0.14384920634920634 0.5357142857142857 0.23809523809523808 0.5357142857142857 0.23809523809523808 0.6932043650793651 0.14384920634920634 0.6932043650793651
13 0.22486772486772486 0.5307539682539683 0.3125 0.5307539682539683 0.3125 0.6932043650793651 0.22486772486772486 0.6932043650793651
13 0.30423280423280424 0.5282738095238095 0.4083994708994709 0.5282738095238095 0.4083994708994709 0.6981646825396826 0.30423280423280424 0.6981646825396826
10 0.5737433862433863 0.482390873015873 0.6944444444444444 0.482390873015873 0.6944444444444444 0.7068452380952381 0.5737433862433863 0.7068452380952381
10 0.6911375661375662 0.4749503968253968 0.8267195767195767 0.4749503968253968 0.8267195767195767 0.7142857142857143 0.6911375661375662 0.7142857142857143
10 0.808531746031746 0.4625496031746032 0.9738756613756614 0.4625496031746032 0.9738756613756614 0.7192460317460317 0.808531746031746 0.7192460317460317
26 0.21329365079365079 0.7700892857142857 0.3505291005291005 0.7700892857142857 0.3505291005291005 0.9722222222222222 0.21329365079365079 0.9722222222222222
24 0.34226190476190477 0.7824900793650794 0.44146825396825395 0.7824900793650794 0.44146825396825395 0.9933035714285714 0.34226190476190477 0.9933035714285714
24 0.44146825396825395 0.7849702380952381 0.5472883597883598 0.7849702380952381 0.5472883597883598 1 0.44146825396825395 1
24 0.5456349206349206 0.7874503968253969 0.6597222222222222 0.7874503968253969 0.6597222222222222 1 0.5456349206349206 1
24 0.6630291005291006 0.7986111111111112 0.7870370370370371 0.7986111111111112 0.7870370370370371 1 0.6630291005291006 1
24 0.7870370370370371 0.8072916666666666 0.9209656084656085 0.8072916666666666 0.9209656084656085 1 0.7870370370370371 1
24 0.9193121693121693 0.8196924603174603 1 0.8196924603174603 1 1 0.9193121693121693 1
23 0.8019179894179894 0.1388888888888889 0.9990079365079365 0.1388888888888889 0.9990079365079365 0.35813492063492064 0.8019179894179894 0.35813492063492064