25 0 0.1810515873015873 0.15376984126984128 0.1810515873015873 0.15376984126984128 0.3707837301587302 0 0.3707837301587302
15 0.333994708994709 0 0.45965608465608465 0 0.45965608465608465 0.1314484126984127 0.333994708994709 0.1314484126984127
15 0.4546957671957672 0 0.5902777777777778 0 0.5902777777777778 0.12896825396825398 0.4546957671957672 0.12896825396825398
15 0.5853174603174603 0 0.7208994708994709 0 0.7208994708994709 0.1277281746031746 0.5853174603174603 0.1277281746031746
15 0.7159391534391535 0 0.8531746031746031 0 0.8531746031746031 0.12400793650793651 0.7159391534391535 0.12400793650793651
15 0.8581349206349206 0 0.9904100529100529 0 0.9904100529100529 0.12028769841269842 0.8581349206349206 0.12028769841269842
16 0.28703703703703703 0.44568452380952384 0.35912698412698413 0.44568452380952384 0.35912698412698413 0.5806051587301587 0.28703703703703703 0.5806051587301587
16 0.3558201058201058 0.44494047619047616 0.4279100529100529 0.44494047619047616 0.4279100529100529 0.5813492063492064 0.3558201058201058 0.5813492063492064
16 0.4226190476190476 0.4489087301587302 0.4957010582010582 0.4489087301587302 0.4957010582010582 0.5825892857142857 0.4226190476190476 0.5825892857142857
16 0.4947089947089947 0.4489087301587302 0.5654761904761905 0.4489087301587302 0.5654761904761905 0.5882936507936508 0.4947089947089947 0.5882936507936508
16 0.5687830687830688 0.4506448412698413 0.6375661375661376 0.4506448412698413 0.6375661375661376 0.5882936507936508 0.5687830687830688 0.5882936507936508
16 0.6359126984126984 0.45188492063492064 0.7129629629629629 0.45188492063492064 0.7129629629629629 0.5907738095238095 0.6359126984126984 0.5907738095238095
16 0.7139550264550265 0.45262896825396826 0.7926587301587301 0.45262896825396826 0.7926587301587301 0.5932539682539683 0.7139550264550265 0.5932539682539683
14 0.8115079365079365 0.44494047619047616 0.9047619047619048 0.44494047619047616 0.9047619047619048 0.6029265873015873 0.8115079365079365 0.6029265873015873
14 0.906415343915344 0.4466765873015873 1 0.4466765873015873 1 0.6039186507936508 0.906415343915344 0.6039186507936508
5 0.765542328042328 0.9141865079365079 1 0.9141865079365079 1 1 0.765542328042328 1