10 0.03968253968253968 0.43774801587301587 0.2943121693121693 0.43774801587301587 0.2943121693121693 0.8159722222222222 0.03968253968253968 0.8159722222222222
10 0 0.45634920634920634 0.10085978835978836 0.45634920634920634 0.10085978835978836 0.9449404761904762 0 0.9449404761904762
8 0.2876984126984127 0.48487103174603174 0.5505952380952381 0.48487103174603174 0.5505952380952381 0.8841765873015873 0.2876984126984127 0.8841765873015873
8 0.52744708994709 0.46999007936507936 0.7308201058201058 0.46999007936507936 0.7308201058201058 0.8444940476190477 0.52744708994709 0.8444940476190477
8 0.72255291005291 0.45882936507936506 0.8912037037037037 0.45882936507936506 0.8912037037037037 0.8122519841269841 0.72255291005291 0.8122519841269841
1 0.8895502645502645 0.44518849206349204 1 0.44518849206349204 1 0.7787698412698413 0.8895502645502645 0.7787698412698413
4 0.8101851851851852 0.8159722222222222 1 0.8159722222222222 1 1 0.8101851851851852 1
4 0.6597222222222222 0.845734126984127 0.8680555555555556 0.845734126984127 0.8680555555555556 1 0.6597222222222222 1
4 0.49603174603174605 0.8767361111111112 0.6994047619047619 0.8767361111111112 0.6994047619047619 1 0.49603174603174605 1
4 0.2943121693121693 0.9064980158730159 0.4976851851851852 0.9064980158730159 0.4976851851851852 1 0.2943121693121693 1
4 0.07275132275132275 0.9461805555555556 0.291005291005291 0.9461805555555556 0.291005291005291 1 0.07275132275132275 1
4 0.09755291005291006 0.8618551587301587 0.2926587301587302 0.8618551587301587 0.2926587301587302 0.9362599206349206 0.09755291005291006 0.9362599206349206
23 0 0 0.17989417989417988 0 0.17989417989417988 0.22643849206349206 0 0.22643849206349206
22 0.16964285714285715 0 0.48412698412698413 0 0.48412698412698413 0.22420634920634921 0.16964285714285715 0.22420634920634921
22 0.4798280423280423 0 0.7380952380952381 0 0.7380952380952381 0.22643849206349206 0.4798280423280423 0.22643849206349206
22 0.7311507936507936 0 0.9490740740740741 0 0.9490740740740741 0.23065476190476192 0.7311507936507936 0.23065476190476192