4 0.013227513227513227 0.38938492063492064 0.25132275132275134 0.38938492063492064 0.25132275132275134 0.7378472222222222 0.013227513227513227 0.7378472222222222
4 0.25297619047619047 0.3943452380952381 0.4828042328042328 0.3943452380952381 0.4828042328042328 0.730406746031746 0.25297619047619047 0.730406746031746
4 0.47619047619047616 0.39558531746031744 0.6944444444444444 0.39558531746031744 0.6944444444444444 0.7180059523809523 0.47619047619047616 0.7180059523809523
4 0.6828703703703703 0.39806547619047616 0.904431216931217 0.39806547619047616 0.904431216931217 0.7142857142857143 0.6828703703703703 0.7142857142857143
8 0.0958994708994709 0 0.2876984126984127 0 0.2876984126984127 0.2170138888888889 0.0958994708994709 0.2170138888888889
8 0.2959656084656085 0 0.49933862433862436 0 0.49933862433862436 0.22941468253968253 0.2959656084656085 0.22941468253968253
8 0.49603174603174605 0 0.6878306878306878 0 0.6878306878306878 0.23313492063492064 0.49603174603174605 0.23313492063492064
10 0 0 0.10747354497354497 0 0.10747354497354497 0.2914186507936508 0 0.2914186507936508
1 0.689484126984127 0 0.8713624338624338 0 0.8713624338624338 0.24801587301587302 0.689484126984127 0.24801587301587302
1 0.873015873015873 0 1 0 1 0.2418154761904762 0.873015873015873 0.2418154761904762
11 0.8779761904761905 0.3943452380952381 0.980489417989418 0.3943452380952381 0.980489417989418 0.6870039682539683 0.8779761904761905 0.6870039682539683
15 0.10747354497354497 0.8804563492063492 0.3290343915343915 0.8804563492063492 0.3290343915343915 1 0.10747354497354497 1
15 0.1488095238095238 0.8283730158730159 0.3373015873015873 0.8283730158730159 0.3373015873015873 0.8779761904761905 0.1488095238095238 0.8779761904761905
15 0 0.8358134920634921 0.16203703703703703 0.8358134920634921 0.16203703703703703 0.8767361111111112 0 0.8767361111111112
15 0.028108465608465607 0.8035714285714286 0.20833333333333334 0.8035714285714286 0.20833333333333334 0.8296130952380952 0.028108465608465607 0.8296130952380952
15 0 0.8816964285714286 0.12896825396825398 0.8816964285714286 0.12896825396825398 0.9982638888888888 0 0.9982638888888888