15 0.4173280423280423 0.04017857142857143 0.5099206349206349 0.04017857142857143 0.5099206349206349 0.20907738095238096 0.4173280423280423 0.20907738095238096
15 0.5119047619047619 0.04017857142857143 0.605489417989418 0.04017857142857143 0.605489417989418 0.20907738095238096 0.5119047619047619 0.20907738095238096
15 0.6091269841269841 0.030009920634920636 0.7103174603174603 0.030009920634920636 0.7103174603174603 0.20560515873015872 0.6091269841269841 0.20560515873015872
15 0.7142857142857143 0.020833333333333332 0.8240740740740741 0.020833333333333332 0.8240740740740741 0.20262896825396826 0.7142857142857143 0.20262896825396826
15 0.826058201058201 0.013640873015873016 0.9368386243386243 0.013640873015873016 0.9368386243386243 0.19766865079365079 0.826058201058201 0.19766865079365079
15 0.9308862433862434 0.01066468253968254 1 0.01066468253968254 1 0.1909722222222222 0.9308862433862434 0.1909722222222222
25 0 0.2507440476190476 0.07837301587301587 0.2507440476190476 0.07837301587301587 0.3916170634920635 0 0.3916170634920635
25 0.06481481481481481 0.25124007936507936 0.1583994708994709 0.25124007936507936 0.1583994708994709 0.3923611111111111 0.06481481481481481 0.3923611111111111
25 0.14814814814814814 0.24851190476190477 0.2691798941798942 0.24851190476190477 0.2691798941798942 0.3923611111111111 0.14814814814814814 0.3923611111111111
16 0.35912698412698413 0.45262896825396826 0.4173280423280423 0.45262896825396826 0.4173280423280423 0.5592757936507936 0.35912698412698413 0.5592757936507936
16 0.4193121693121693 0.45535714285714285 0.4705687830687831 0.45535714285714285 0.4705687830687831 0.5627480158730159 0.4193121693121693 0.5627480158730159
16 0.4705687830687831 0.4575892857142857 0.5231481481481481 0.4575892857142857 0.5231481481481481 0.5672123015873016 0.4705687830687831 0.5672123015873016
16 0.5251322751322751 0.4575892857142857 0.5806878306878307 0.4575892857142857 0.5806878306878307 0.5729166666666666 0.5251322751322751 0.5729166666666666
16 0.5823412698412699 0.45907738095238093 0.6415343915343915 0.45907738095238093 0.6415343915343915 0.5714285714285714 0.5823412698412699 0.5714285714285714
16 0.6398809523809523 0.46403769841269843 0.7046957671957672 0.46403769841269843 0.7046957671957672 0.5744047619047619 0.6398809523809523 0.5744047619047619
16 0.7017195767195767 0.46403769841269843 0.771494708994709 0.46403769841269843 0.771494708994709 0.5815972222222222 0.7017195767195767 0.5815972222222222
14 0.7933201058201058 0.4583333333333333 0.8660714285714286 0.4583333333333333 0.8660714285714286 0.5873015873015873 0.7933201058201058 0.5873015873015873
14 0.8660714285714286 0.4632936507936508 0.941468253968254 0.4632936507936508 0.941468253968254 0.59375 0.8660714285714286 0.59375
14 0.9404761904761905 0.4625496031746032 1 0.4625496031746032 1 0.5944940476190477 0.9404761904761905 0.5944940476190477
5 0.769510582010582 0.8700396825396826 1 0.8700396825396826 1 1 0.769510582010582 1