6 0.35168650793650796 0.396494708994709 0.3990575396825397 0.396494708994709 0.3990575396825397 0.533068783068783 0.35168650793650796 0.533068783068783
6 0.39657738095238093 0.39814814814814814 0.44047619047619047 0.39814814814814814 0.44047619047619047 0.533068783068783 0.39657738095238093 0.533068783068783
6 0.439484126984127 0.3968253968253968 0.48487103174603174 0.3968253968253968 0.48487103174603174 0.5333994708994709 0.439484126984127 0.5333994708994709
6 0.4833829365079365 0.396494708994709 0.529265873015873 0.396494708994709 0.529265873015873 0.5353835978835979 0.4833829365079365 0.5353835978835979
0 0.5285218253968254 0.39914021164021163 0.5744047619047619 0.39914021164021163 0.5744047619047619 0.5343915343915344 0.5285218253968254 0.5343915343915344
0 0.5734126984126984 0.3974867724867725 0.6197916666666666 0.3974867724867725 0.6197916666666666 0.5367063492063492 0.5734126984126984 0.5367063492063492
0 0.6197916666666666 0.39880952380952384 0.667906746031746 0.39880952380952384 0.667906746031746 0.5360449735449735 0.6197916666666666 0.5360449735449735
0 0.6671626984126984 0.3968253968253968 0.7177579365079365 0.3968253968253968 0.7177579365079365 0.5380291005291006 0.6671626984126984 0.5380291005291006
19 0 0.06382275132275132 0.058779761904761904 0.06382275132275132 0.058779761904761904 0.2800925925925926 0 0.2800925925925926
19 0.059027777777777776 0.0625 0.12648809523809523 0.0625 0.12648809523809523 0.2794312169312169 0.059027777777777776 0.2794312169312169
19 0.12624007936507936 0.06084656084656084 0.2279265873015873 0.06084656084656084 0.2279265873015873 0.2814153439153439 0.12624007936507936 0.2814153439153439
20 0.09970238095238096 0.8022486772486772 0.18948412698412698 0.8022486772486772 0.18948412698412698 1 0.09970238095238096 1
20 0.18998015873015872 0.8042328042328042 0.28149801587301587 0.8042328042328042 0.28149801587301587 1 0.18998015873015872 1
20 0.2876984126984127 0.7996031746031746 0.392609126984127 0.7996031746031746 0.392609126984127 1 0.2876984126984127 1
9 0.5674603174603174 0.6081349206349206 0.6173115079365079 0.6081349206349206 0.6173115079365079 0.7744708994708994 0.5674603174603174 0.7744708994708994
9 0.6143353174603174 0.607473544973545 0.6646825396825397 0.607473544973545 0.6646825396825397 0.7734788359788359 0.6143353174603174 0.7734788359788359
9 0.6631944444444444 0.6081349206349206 0.7145337301587301 0.6081349206349206 0.7145337301587301 0.77744708994709 0.6631944444444444 0.77744708994709