7 0 0.16765873015873015 0.04117063492063492 0.16765873015873015 0.04117063492063492 0.3369708994708995 0 0.3369708994708995
7 0.014136904761904762 0.16865079365079366 0.10813492063492064 0.16865079365079366 0.10813492063492064 0.33796296296296297 0.014136904761904762 0.33796296296296297
17 0.5094246031746031 0.22354497354497355 0.5719246031746031 0.22354497354497355 0.5719246031746031 0.35284391534391535 0.5094246031746031 0.35284391534391535
17 0.5719246031746031 0.22156084656084657 0.6336805555555556 0.22156084656084657 0.6336805555555556 0.3505291005291005 0.5719246031746031 0.3505291005291005
3 0.6996527777777778 0.16302910052910052 0.7934027777777778 0.16302910052910052 0.7934027777777778 0.3551587301587302 0.6996527777777778 0.3551587301587302
24 0.826140873015873 0.4193121693121693 0.9141865079365079 0.4193121693121693 0.9141865079365079 0.5720899470899471 0.826140873015873 0.5720899470899471
24 0.8918650793650794 0.4203042328042328 0.9655257936507936 0.4203042328042328 0.9655257936507936 0.5720899470899471 0.8918650793650794 0.5720899470899471
24 0.9181547619047619 0.4044312169312169 0.9913194444444444 0.4044312169312169 0.9913194444444444 0.42427248677248675 0.9181547619047619 0.42427248677248675
24 0.9412202380952381 0.41865079365079366 1 0.41865079365079366 1 0.5730820105820106 0.9412202380952381 0.5730820105820106
6 0.30456349206349204 0.6044973544973545 0.34052579365079366 0.6044973544973545 0.34052579365079366 0.6997354497354498 0.30456349206349204 0.6997354497354498
6 0.3345734126984127 0.6068121693121693 0.3685515873015873 0.6068121693121693 0.3685515873015873 0.7017195767195767 0.3345734126984127 0.7017195767195767
6 0.3645833333333333 0.6051587301587301 0.3978174603174603 0.6051587301587301 0.3978174603174603 0.6990740740740741 0.3645833333333333 0.6990740740740741
6 0.3427579365079365 0.5846560846560847 0.3740079365079365 0.5846560846560847 0.3740079365079365 0.6084656084656085 0.3427579365079365 0.6084656084656085
6 0.3732638888888889 0.5796957671957672 0.40401785714285715 0.5796957671957672 0.40401785714285715 0.605489417989418 0.3732638888888889 0.605489417989418
6 0.3990575396825397 0.5873015873015873 0.4303075396825397 0.5873015873015873 0.4303075396825397 0.6064814814814815 0.3990575396825397 0.6064814814814815
6 0.3933531746031746 0.6058201058201058 0.4260912698412698 0.6058201058201058 0.4260912698412698 0.6994047619047619 0.3933531746031746 0.6994047619047619
0 0.4320436507936508 0.5717592592592593 0.4603174603174603 0.5717592592592593 0.4603174603174603 0.5892857142857143 0.4320436507936508 0.5892857142857143
0 0.42857142857142855 0.5879629629629629 0.45907738095238093 0.5879629629629629 0.45907738095238093 0.6071428571428571 0.42857142857142855 0.6071428571428571
0 0.42311507936507936 0.6064814814814815 0.455109126984127 0.6064814814814815 0.455109126984127 0.7000661375661376 0.42311507936507936 0.7000661375661376
0 0.4600694444444444 0.5740740740740741 0.4880952380952381 0.5740740740740741 0.4880952380952381 0.5889550264550265 0.4600694444444444 0.5889550264550265
0 0.45783730158730157 0.5882936507936508 0.48735119047619047 0.5882936507936508 0.48735119047619047 0.6081349206349206 0.45783730158730157 0.6081349206349206
0 0.453125 0.6081349206349206 0.4836309523809524 0.6081349206349206 0.4836309523809524 0.7023809523809523 0.453125 0.7023809523809523
0 0.48834325396825395 0.5687830687830688 0.5151289682539683 0.5687830687830688 0.5151289682539683 0.5826719576719577 0.48834325396825395 0.5826719576719577
0 0.4885912698412698 0.582010582010582 0.5166170634920635 0.582010582010582 0.5166170634920635 0.6104497354497355 0.4885912698412698 0.6104497354497355
0 0.484375 0.6078042328042328 0.5133928571428571 0.6078042328042328 0.5133928571428571 0.7046957671957672 0.484375 0.7046957671957672
0 0.5131448412698413 0.6104497354497355 0.542906746031746 0.6104497354497355 0.542906746031746 0.705026455026455 0.5131448412698413 0.705026455026455
0 0.5193452380952381 0.5833333333333334 0.546875 0.5833333333333334 0.546875 0.6736111111111112 0.5193452380952381 0.6736111111111112
0 0.5171130952380952 0.5691137566137566 0.5436507936507936 0.5691137566137566 0.5436507936507936 0.5843253968253969 0.5171130952380952 0.5843253968253969
19 0 0.37136243386243384 0.041666666666666664 0.37136243386243384 0.041666666666666664 0.5376984126984127 0 0.5376984126984127
19 0.022569444444444444 0.3740079365079365 0.09226190476190477 0.3740079365079365 0.09226190476190477 0.5423280423280423 0.022569444444444444 0.5423280423280423
19 0.07366071428571429 0.37466931216931215 0.14211309523809523 0.37466931216931215 0.14211309523809523 0.5436507936507936 0.07366071428571429 0.5436507936507936
19 0.12549603174603174 0.37533068783068785 0.21081349206349206 0.37533068783068785 0.21081349206349206 0.5453042328042328 0.12549603174603174 0.5453042328042328
9 0.45783730158730157 0.7235449735449735 0.486359126984127 0.7235449735449735 0.486359126984127 0.8326719576719577 0.45783730158730157 0.8326719576719577
9 0.4861111111111111 0.7268518518518519 0.5178571428571429 0.7268518518518519 0.5178571428571429 0.8303571428571429 0.4861111111111111 0.8303571428571429
9 0.5173611111111112 0.7261904761904762 0.5473710317460317 0.7261904761904762 0.5473710317460317 0.8333333333333334 0.5173611111111112 0.8333333333333334
20 0.16468253968253968 0.8210978835978836 0.23586309523809523 0.8210978835978836 0.23586309523809523 1 0.16468253968253968 1
20 0.22296626984126985 0.8224206349206349 0.2904265873015873 0.8224206349206349 0.2904265873015873 1 0.22296626984126985 1
20 0.28249007936507936 0.8210978835978836 0.3556547619047619 0.8210978835978836 0.3556547619047619 1 0.28249007936507936 1