4 0.09259259259259259 0.376984126984127 0.21494708994708994 0.376984126984127 0.21494708994708994 0.5927579365079365 0.09259259259259259 0.5927579365079365
4 0.21329365079365079 0.3757440476190476 0.3521825396825397 0.3757440476190476 0.3521825396825397 0.6026785714285714 0.21329365079365079 0.6026785714285714
4 0.35548941798941797 0.3757440476190476 0.49272486772486773 0.3757440476190476 0.49272486772486773 0.6063988095238095 0.35548941798941797 0.6063988095238095
4 0.4976851851851852 0.3707837301587302 0.6597222222222222 0.3707837301587302 0.6597222222222222 0.6125992063492064 0.4976851851851852 0.6125992063492064
4 0.6597222222222222 0.36830357142857145 0.8333333333333334 0.36830357142857145 0.8333333333333334 0.6212797619047619 0.6597222222222222 0.6212797619047619
10 0.0016534391534391533 0.008680555555555556 0.1984126984126984 0.008680555555555556 0.1984126984126984 0.31125992063492064 0.0016534391534391533 0.31125992063492064
10 0.19345238095238096 0.05580357142857143 0.30257936507936506 0.05580357142857143 0.30257936507936506 0.31125992063492064 0.19345238095238096 0.31125992063492064
8 0.24966931216931218 0.003720238095238095 0.37367724867724866 0.003720238095238095 0.37367724867724866 0.26537698412698413 0.24966931216931218 0.26537698412698413
8 0.376984126984127 0 0.5125661375661376 0 0.5125661375661376 0.2554563492063492 0.376984126984127 0.2554563492063492
8 0.517526455026455 0 0.6531084656084656 0 0.6531084656084656 0.25049603174603174 0.517526455026455 0.25049603174603174
1 0.6712962962962963 0 0.8217592592592593 0 0.8217592592592593 0.25049603174603174 0.6712962962962963 0.25049603174603174
1 0.8432539682539683 0 1 0 1 0.23065476190476192 0.8432539682539683 0.23065476190476192
11 0.8465608465608465 0.3521825396825397 1 0.3521825396825397 1 0.6138392857142857 0.8465608465608465 0.6138392857142857
24 0 0.3819444444444444 0.08267195767195767 0.3819444444444444 0.08267195767195767 0.5915178571428571 0 0.5915178571428571
15 0.006613756613756613 0.7142857142857143 0.12566137566137567 0.7142857142857143 0.12566137566137567 0.9250992063492064 0.006613756613756613 0.9250992063492064
15 0.12566137566137567 0.6907242063492064 0.2595899470899471 0.6907242063492064 0.2595899470899471 0.951140873015873 0.12566137566137567 0.951140873015873
15 0.24801587301587302 0.7018849206349206 0.3869047619047619 0.7018849206349206 0.3869047619047619 0.9623015873015873 0.24801587301587302 0.9623015873015873