2 0.18660218253968253 0.5935482804232804 0.11843501984126983 0.2855291005291005
2 0.27095238095238094 0.6018121693121693 0.11223710317460317 0.28919973544973543
2 0.3105456349206349 0.4388492063492063 0.09502232142857145 0.04406746031746039
2 0.3632217261904762 0.5985978835978836 0.109484126984127 0.28828373015873016
2 0.3979935515873016 0.4342592592592593 0.09226934523809517 0.05141203703703697
2 0.4548015873015873 0.6008928571428571 0.09984375000000004 0.2928736772486772
0 0.5467261904761905 0.604566798941799 0.09502232142857145 0.2928736772486772
0 0.5556770833333333 0.44114417989417987 0.08400545634920636 0.039477513227513264
0 0.5584325396825397 0.41130621693121694 0.0743650793650794 0.025707671957671884
0 0.5546453373015873 0.38651785714285714 0.06816964285714278 0.023869047619047564
0 0.6393402777777778 0.41314484126984125 0.08331845238095228 0.022033730158730194
0 0.6438144841269842 0.44298280423280423 0.09089037698412705 0.03764219576719574
0 0.6441592261904762 0.6100760582010581 0.10397321428571435 0.30205357142857137
0 0.7481324404761904 0.617880291005291 0.11774553571428571 0.30847883597883596
0 0.7333283730158731 0.437473544973545 0.09364583333333332 0.054166666666666724
0 0.7157713293650793 0.4002910052910053 0.08056299603174602 0.031213624338624298
0 0.7997767857142857 0.4057969576719577 0.09295634920634925 0.031213624338624298
0 0.8273189484126984 0.44298280423280423 0.10672867063492061 0.056005291005291044
0 0.8493526785714286 0.622010582010582 0.12738591269841268 0.31123346560846565
2 0.471326884920635 0.44068452380952383 0.09020337301587303 0.03672288359788366