3 0.012896825396825396 0.19659391534391535 0.025793650793650792 0.16104497354497355
3 0.044543650793650795 0.19601190476190478 0.06843998015873015 0.16058201058201058
3 0.09692212301587304 0.19448412698412698 0.0646155753968254 0.1626223544973545
3 0.1544642857142857 0.1926984126984127 0.08411458333333334 0.1682308201058201
4 0.6270709325396825 0.20728174603174604 0.06458333333333324 0.1308068783068783
4 0.6936532738095238 0.2031812169312169 0.0667361111111111 0.13326719576719576
1 0.8520337301587302 0.16832671957671957 0.10364087301587305 0.2046164021164021
5 0.9768377976190477 0.43588293650793647 0.0463244047619047 0.1664814814814815
2 0.39638392857142857 0.6100429894179894 0.035220734126984066 0.09881613756613762
2 0.42587797619047624 0.6127810846560846 0.03586805555555553 0.10083333333333336
2 0.43365575396825395 0.5547288359788359 0.031979166666666684 0.018151455026454984
2 0.46477182539682543 0.5525694444444444 0.032410714285714244 0.02016534391534392
2 0.45601934523809523 0.6116269841269841 0.0347867063492064 0.10198743386243382
2 0.4867038690476191 0.6129232804232805 0.03435515873015873 0.10227513227513219
2 0.4915649801587301 0.5557374338624338 0.03327628968253964 0.014404761904761887
0 0.525811011904762 0.5331216931216931 0.029600694444444534 0.011812169312169246
0 0.5253794642857142 0.5453670634920635 0.029600694444444534 0.01325396825396823
0 0.5225694444444444 0.5571792328042329 0.031763392857142844 0.015555555555555543
0 0.5181423611111111 0.6137896825396825 0.033707837301587266 0.1028505291005291
0 0.5540079365079366 0.5456547619047619 0.03068204365079366 0.012099867724867774
0 0.5528199404761904 0.5584755291005291 0.033058035714285706 0.014692460317460264
0 0.5495808531746031 0.6166699735449735 0.03349206349206348 0.1028505291005291
0 0.5849082341269841 0.541332671957672 0.030250496031746094 0.012675264550264527
0 0.5854464285714286 0.557609126984127 0.029600694444444534 0.02045634920634925
0 0.5814508928571428 0.6186871693121694 0.032410714285714355 0.10400132275132275
0 0.6151587301587302 0.5424867724867725 0.029384920634920528 0.013829365079365134
0 0.6174255952380953 0.5973677248677249 0.030466269841269877 0.09939484126984133
0 0.6131051587301587 0.6205588624338624 0.03176339285714278 0.10429232804232808