2 0.35352678571428575 0.5894973544973545 0.056770833333333354 0.1582705026455027
2 0.4008358134920635 0.5917890211640211 0.05591021825396821 0.1605621693121693
2 0.4152430555555556 0.5049140211640212 0.05031994047619044 0.02465939153439159
2 0.46405753968253965 0.5023346560846561 0.05074900793650791 0.024083994708994683
2 0.44878968253968254 0.5912169312169312 0.05375992063492069 0.1605621693121693
2 0.4986780753968254 0.5937962962962964 0.05289930555555555 0.1611375661375662
0 0.5487822420634921 0.5963789682539683 0.05418898809523804 0.16285714285714287
0 0.5545882936507937 0.5072089947089947 0.046879960317460424 0.018921957671957607
0 0.6038318452380953 0.508640873015873 0.047309027777777776 0.018349867724867654
0 0.5999627976190477 0.5995304232804233 0.05418898809523804 0.1645767195767196
0 0.6541517857142857 0.6018253968253968 0.05591021825396832 0.17145833333333327
0 0.7083407738095239 0.603832671957672 0.057631448412698384 0.17203042328042323
0 0.7092013888888888 0.5109358465608466 0.053330853174603114 0.03211309523809528
0 0.6556572420634921 0.5066335978835979 0.04773809523809513 0.03039351851851847