2 0.006696428571428571 0.6641865079365079 0.013392857142857142 0.08167989417989419
2 0.01961061507936508 0.6647619047619048 0.029414682539682543 0.0797453703703704
2 0.04493799603174603 0.6647619047619048 0.03366319444444445 0.08323082010582013
0 0.06830605158730159 0.6656349206349207 0.03006696428571429 0.08148809523809526
0 0.0955952380952381 0.6665046296296295 0.032356150793650805 0.08148809523809519
0 0.12321428571428572 0.6649801587301588 0.03072172619047619 0.08105158730158735
0 0.1506671626984127 0.6667228835978837 0.03660466269841268 0.08192460317460311
0 0.16733382936507937 0.6558300264550264 0.03399057539682539 0.07582341269841268
0 0.17648561507936508 0.624454365079365 0.031376488095238096 0.026147486772486826
5 0.4089856150793651 0.5184986772486773 0.04237351190476188 0.11421957671957675
5 0.4502827380952381 0.5176785714285714 0.040223214285714244 0.11340277777777773
5 0.4892782738095238 0.5184986772486773 0.04145089285714289 0.11421957671957675
5 0.5301140873015873 0.5199305555555556 0.042065972222222144 0.11381283068783071
5 0.5720262896825397 0.520545634920635 0.041143353174603256 0.11667658730158728
5 0.6140922619047618 0.5209556878306878 0.04175843253968251 0.11667658730158728
5 0.656312003968254 0.5217724867724868 0.04329365079365089 0.11667658730158728
4 0.146922123015873 0.3512599206349206 0.049434523809523796 0.09006613756613761
4 0.19635664682539683 0.3512599206349206 0.049434523809523796 0.09252314814814813
1 0.30673859126984127 0.33263227513227517 0.06325148809523815 0.13469246031746035