3 0.15717261904761906 0.3397453703703704 0.03538690476190478 0.09401785714285713
3 0.19023313492063493 0.33922619047619046 0.03693700396825399 0.0943650793650794
3 0.22200396825396826 0.33871031746031743 0.03435267857142857 0.0926421957671958
3 0.25441964285714286 0.3390542328042328 0.034610615079365095 0.0926421957671958
3 0.28825644841269843 0.3385383597883598 0.03564484126984122 0.09160714285714285
3 0.322093253968254 0.33871031746031743 0.03357886904761902 0.0926421957671958
3 0.3554141865079365 0.3380224867724868 0.036679067460317426 0.0933300264550265
4 0.6304985119047619 0.34473875661375664 0.03564484126984133 0.0695667989417989
4 0.6652380952380952 0.343531746031746 0.035386904761904835 0.06922288359788357
1 0.7469890873015873 0.326140873015873 0.05010912698412698 0.10331679894179893
5 0.8336458333333334 0.4664814814814815 0.042619047619047654 0.08713293650793659
5 0.8701959325396825 0.4654464285714286 0.03254464285714292 0.08713293650793659
5 0.9018377976190476 0.4651025132275132 0.03332093253968263 0.08782076719576724
5 0.9346403769841269 0.4654464285714286 0.034352678571428624 0.08782076719576724
5 0.9675719246031746 0.46458664021164026 0.03254464285714292 0.0867857142857143
5 0.9920510912698413 0.4647585978835979 0.015895337301587337 0.08713293650793659
2 0.49521329365079364 0.5852281746031746 0.019630456349206373 0.05950727513227507
2 0.5142559523809523 0.5855654761904762 0.019461805555555562 0.0592824074074074
2 0.5326289682539682 0.584781746031746 0.01862351190476194 0.059953703703703766
2 0.5512524801587302 0.5842228835978837 0.01963045634920626 0.060178571428571435
0 0.5701289682539683 0.5841104497354497 0.0191269841269841 0.0608498677248678
0 0.588921130952381 0.5841104497354497 0.019461805555555618 0.060403439153439105
0 0.6086334325396826 0.5839980158730159 0.020972222222222323 0.05973214285714289
0 0.6281820436507937 0.5844444444444444 0.019799107142857125 0.06062499999999998