3 0.04787946428571429 0.31418981481481484 0.043467261904761904 0.12288690476190473
3 0.08775297619047619 0.312010582010582 0.043467261904761904 0.1211441798941799
3 0.12876984126984128 0.312010582010582 0.0451016865079365 0.1211441798941799
3 0.1720734126984127 0.31179232804232804 0.046081349206349195 0.11983465608465604
3 0.21570436507936508 0.312010582010582 0.045756448412698415 0.11940145502645504
3 0.2588467261904762 0.3109193121693122 0.04379464285714284 0.11809193121693126
3 0.30329365079365084 0.3096130952380952 0.04837053571428576 0.11983465608465613
4 0.6618204365079365 0.3159325396825397 0.04706349206349212 0.09063822751322749
4 0.7088839285714286 0.31397156084656086 0.04837053571428565 0.0928174603174603
1 0.8160838293650793 0.2906580687830688 0.06797867063492068 0.1342162698412698
2 0.48444444444444446 0.6345767195767196 0.025629960317460353 0.07982142857142861
2 0.5097941468253968 0.6349503968253968 0.026190476190476226 0.08006944444444448
2 0.5346775793650794 0.6337037037037037 0.025815972222222257 0.08006944444444448
2 0.5591840277777778 0.6330820105820106 0.02619047619047628 0.08032076719576715
0 0.5843477182539683 0.6332043650793651 0.026378968253968172 0.08056878306878303
0 0.6090401785714286 0.6334556878306878 0.026753472222222196 0.08156746031746027
0 0.6350446428571429 0.6329563492063491 0.027874503968254048 0.08106812169312172
0 0.6604885912698413 0.6332043650793651 0.027874503968254048 0.08156746031746027
5 0.9352008928571428 0.4778472222222222 0.06233878968253977 0.11722552910052918
5 0.9818948412698413 0.47585978835978837 0.036210317460317464 0.11574074074074074