3 0.059925595238095236 0.46748346560846565 0.052800099206349205 0.1206878306878307
3 0.10001488095238095 0.4661772486772487 0.05140376984126984 0.12031746031746036
3 0.14136160714285714 0.46505952380952376 0.05084573412698413 0.11882605820105818
3 0.18340773809523808 0.46487433862433863 0.048888888888888864 0.1206878306878307
3 0.2264310515873016 0.4635714285714285 0.04777281746031743 0.11882605820105818
3 0.2691741071428571 0.4630125661375662 0.04553819444444448 0.11770833333333328
3 0.31205853174603176 0.4624537037037037 0.05196428571428571 0.1195701058201058
4 0.6586185515873016 0.47139219576719577 0.04497767857142866 0.09200727513227513
4 0.7035987103174602 0.46878637566137565 0.04441964285714295 0.09200727513227513
1 0.8057093253968254 0.44606481481481486 0.06593253968253972 0.13521494708994705
5 0.9082366071428571 0.6151752645502645 0.06202132936507929 0.1158465608465609
5 0.9502827380952381 0.6149900793650793 0.05559523809523806 0.114728835978836
5 0.9813566468253968 0.6142460317460318 0.03728422619047617 0.11398478835978838
5 0.9684424603174604 0.5518518518518518 0.05280009920634929 0.01229166666666669
2 0.4910292658730159 0.7591699735449735 0.023730158730158688 0.07677910052910063
2 0.5143229166666666 0.7600992063492064 0.023556547619047567 0.07770833333333325
2 0.5134499007936508 0.7136838624338624 0.02320684523809522 0.015588624338624447
2 0.5361359126984127 0.7100760582010582 0.022160218253968345 0.019543650793650915
2 0.5365724206349206 0.7580059523809524 0.024079861111111146 0.07631283068783083
2 0.5602157738095238 0.7569576719576719 0.023556547619047512 0.07654431216931225
2 0.5587326388888889 0.7121726190476191 0.0230332341269841 0.013958333333333345
0 0.57609375 0.6884391534391535 0.021812996031745985 0.010701058201058093
0 0.5790600198412699 0.6991435185185185 0.024255952380952427 0.01302910052910041
0 0.6017460317460317 0.6994907407407408 0.022160218253968345 0.010935846560846464
0 0.6225967261904761 0.6935582010582011 0.021986607142857054 0.012099867724867774
0 0.6452827380952382 0.6944907407407407 0.024429563492063492 0.011167328042328187
0 0.5815029761904762 0.7120535714285714 0.024255952380952427 0.014193121693121718
0 0.6042757936507936 0.71182208994709 0.024429563492063492 0.01326058201058213
0 0.6265228174603175 0.7083333333333334 0.024603174603174557 0.0188458994708994
0 0.6508655753968254 0.7098445767195768 0.025825892857142884 0.018614417989417976
0 0.5822891865079365 0.7561441798941799 0.023730158730158803 0.07677910052910063
0 0.6058457341269842 0.7566104497354497 0.023730158730158803 0.07770833333333325
0 0.6290525793650794 0.7569576719576719 0.025825892857142884 0.07747685185185184
0 0.6528720238095238 0.7571924603174603 0.024952876984126904 0.07933862433862436