3 0.36965525793650794 0.5664021164021164 0.044484126984127015 0.12891865079365075
3 0.4134052579365079 0.5661574074074074 0.04374751984126981 0.1254861111111112
3 0.4582564484126984 0.5664021164021164 0.044484126984127015 0.126957671957672
3 0.5021874999999999 0.5661574074074074 0.044851190476190454 0.12646494708994704
3 0.5455704365079365 0.5646858465608465 0.04485119047619051 0.12646494708994704
3 0.5939136904761905 0.5649305555555555 0.0474255952380953 0.126957671957672
3 0.6393154761904761 0.5641964285714286 0.04632192460317471 0.12842592592592597
2 0.8521775793650793 0.9254332010582011 0.03875496031746037 0.09514219576719578
2 0.8818154761904762 0.9254332010582011 0.03647569444444437 0.09635912698412709
2 0.8591319444444444 0.8707208994708995 0.03579117063492073 0.014894179894179882
2 0.8864880952380952 0.8693518518518519 0.030319940476190476 0.015198412698412711
2 0.9062078373015873 0.9231547619047619 0.03875496031746037 0.09544642857142861
2 0.937326388888889 0.9237632275132275 0.03260168650793646 0.09301587301587293
0 0.9650272817460317 0.9234589947089947 0.0319171626984126 0.09179894179894192
0 0.9877579365079365 0.9230026455026454 0.024484126984127046 0.09210317460317474
0 0.947016369047619 0.8726951058201059 0.030091765873015854 0.01033399470899471
0 0.9730059523809523 0.871633597883598 0.029181547619047583 0.010638227513227537
0 0.9871875 0.8690476190476191 0.02562499999999993 0.01702380952380938
0 0.9576165674603175 0.8623611111111111 0.026217757936507945 0.007903439153439034
0 0.9314012896825397 0.8634259259259259 0.02758432539682546 0.008207671957671862