4 0.10300347222222223 0.3497982804232804 0.057199900793650796 0.1009259259259259
4 0.15912946428571428 0.34836640211640213 0.05591021825396827 0.1003505291005291
1 0.28342261904761906 0.3251388888888889 0.07139384920634924 0.1490939153439154
5 0.3984697420634921 0.5307175925925927 0.04945932539682542 0.12787698412698406
5 0.4442733134920635 0.531005291005291 0.047309027777777776 0.12844907407407402
5 0.4892162698412698 0.5312929894179894 0.04601934523809528 0.12672949735449737
5 0.5358804563492063 0.531005291005291 0.04816964285714292 0.1307440476190476
5 0.584047619047619 0.5307175925925927 0.04816964285714292 0.13246362433862438
5 0.633077876984127 0.5298578042328043 0.04988839285714277 0.13189153439153445
5 0.6814608134920636 0.5287103174603175 0.04945932539682542 0.13303902116402114
0 0.016478174603174602 0.7075099206349207 0.03247767857142857 0.09106481481481485
0 0.04394097222222222 0.7076686507936507 0.03343253968253969 0.09074735449735452
0 0.0755828373015873 0.7063955026455025 0.03749255952380951 0.09074735449735452
0 0.10686755952380952 0.7079861111111111 0.04226934523809525 0.09393187830687837
0 0.13886656746031745 0.656084656084656 0.037492559523809525 0.02324404761904761
0 0.12704613095238096 0.6949305555555555 0.04059771825396827 0.08756283068783068
0 0.06123511904761905 0.6579497354497355 0.037378472222222216 0.008482142857142888
0 0.0670014880952381 0.647612433862434 0.034593253968253974 0.010072751322751334