3 0.2273139880952381 0.5443287037037037 0.01548859126984128 0.04495701058201052
3 0.2425595238095238 0.5442195767195768 0.015649801587301566 0.04431216931216931
3 0.2577256944444445 0.5436838624338624 0.014680059523809538 0.04323743386243386
3 0.2723263888888889 0.5436838624338624 0.015166170634920657 0.04280753968253962
3 0.28821676587301587 0.5431448412698413 0.016294642857142813 0.043452380952380985
3 0.30394593253968255 0.5428240740740741 0.015488591269841225 0.043667328042328105
3 0.3194345238095238 0.5429298941798941 0.016778273809523833 0.04215939153439146
4 0.44438492063492063 0.5454034391534391 0.015327380952380997 0.03162037037037033
4 0.4601934523809524 0.5447585978835978 0.015649801587301566 0.031190476190476244
1 0.4968973214285714 0.5375529100529101 0.020972222222222208 0.04732473544973549
5 0.5355357142857143 0.5989649470899471 0.014680059523809425 0.04065476190476192
5 0.5491691468253969 0.5990740740740741 0.013874007936507837 0.041299603174603135
5 0.5626388888888889 0.5983201058201058 0.01403521825396829 0.041514550264550254
5 0.5757886904761904 0.5983201058201058 0.014841269841269877 0.041514550264550254
5 0.5901463293650793 0.5977810846560847 0.015811011904761904 0.04086970899470904
5 0.6034548611111111 0.5982109788359788 0.01597222222222213 0.04086970899470904
5 0.6175719246031747 0.5983201058201058 0.015488591269841225 0.041514550264550254
2 0.3823883928571428 0.6549503968253968 0.009045138888888839 0.028482142857142893
2 0.39159722222222226 0.6550231481481481 0.008936011904761955 0.0280456349206349
2 0.4002628968253968 0.6544411375661375 0.009263392857142835 0.028918650793650733
2 0.4090897817460318 0.6542228835978836 0.00839285714285718 0.027900132275132238
0 0.4175917658730159 0.6541501322751323 0.00861111111111106 0.0274636243386244
0 0.42614583333333333 0.6541501322751323 0.008501984126984177 0.028627645502645557
0 0.4350297619047619 0.6533531746031747 0.00839285714285718 0.027900132275132238
0 0.44358382936507934 0.6533531746031747 0.008720238095238059 0.027321428571428535