3 0.020587797619047617 0.2524272486772487 0.04117311507936508 0.16930886243386245
3 0.06118303571428571 0.253452380952381 0.09389136904761906 0.16930886243386245
4 0.540639880952381 0.2883399470899471 0.06233630952380956 0.12929232804232804
4 0.6027827380952381 0.286031746031746 0.061951884920634914 0.1287797619047619
1 0.7465054563492063 0.2590972222222222 0.09389136904761898 0.1918849206349206
5 0.8702182539682539 0.4956183862433862 0.08811755952380952 0.15289351851851848
5 0.9287053571428572 0.49613095238095234 0.07349702380952385 0.15186507936507945
5 0.9546800595238095 0.4142989417989418 0.07311011904761898 0.020009920634920707
5 0.9706051587301587 0.49587301587301585 0.058787202380952315 0.15443121693121692
2 0.3225496031746032 0.6522222222222221 0.03574652777777781 0.09532738095238094
2 0.3515178571428571 0.6542757936507937 0.03410466269841264 0.09505291005291007
2 0.38110119047619045 0.6520866402116402 0.03328125000000001 0.0939583333333333
2 0.3584002976190476 0.5964781746031746 0.03143353174603169 0.02383267195767201
2 0.388702876984127 0.5926421957671958 0.030815972222222224 0.026021825396825415
2 0.41479414682539684 0.5968882275132276 0.031227678571428535 0.01917658730158723
2 0.40976190476190477 0.6524966931216931 0.032666170634920645 0.0936838624338625
0 0.4462276785714286 0.5804530423280423 0.028350694444444432 0.01752976190476198
0 0.4438665674603175 0.5975727513227513 0.030612599206349164 0.019447751322751304
0 0.43914186507936503 0.653316798941799 0.03184523809523812 0.0936838624338625
0 0.47406746031746033 0.581547619047619 0.028147321428571376 0.014791666666666673
0 0.4726289682539683 0.5982572751322752 0.029379960317460325 0.01972222222222218
0 0.4684176587301587 0.6552347883597883 0.03040674603174601 0.09423280423280417
0 0.5016989087301587 0.5756580687830688 0.02670882936507932 0.013971560846560847
0 0.502624007936508 0.5963425925925926 0.028147321428571376 0.028488756613756643
0 0.4989260912698413 0.6561937830687831 0.028968253968254015 0.09669642857142852
0 0.5280977182539682 0.6577017195767196 0.029789186507936428 0.0947784391534392
0 0.5331324404761905 0.6285284391534391 0.027529761904761904 0.09012235449735441
0 0.530359623015873 0.5767559523809523 0.026502976190476108 0.015066137566137549