7 0.7646541623193143 0.8740032368516408 0.0966428528528412 0.17612268555652077
7 0.6913136633802024 0.8977874388082312 0.10655373222580344 0.18689458817598403
7 0.6076323354924835 0.9128043263140857 0.13163458529040595 0.1743913473718286
7 0.5025331424880463 0.9193473315646721 0.12811394494386308 0.16130533687065585
17 0.6968687341240534 0.4518392352301398 0.08439384634633858 0.11854978241840963
17 0.6241416617525363 0.45013667052443396 0.10438012265469787 0.12551914963868804
32 0.7289128617399396 0.12163611840029895 0.28074239014654595 0.17637670565848934
31 0.6047666435880297 0.07544752600957318 0.212137453842726 0.09421144930359862
31 0.5588425218353987 0.10589417032921528 0.19863009640516127 0.07886001673075566
0 0.9998689103112021 0.6080268451295934 0.0002621793775959465 0.08252739250582497
0 0.9819352200678068 0.6095393272347822 0.03612955986438641 0.08282339043123255
0 0.9481342865701862 0.6117138740442256 0.04853640121424322 0.08248310814393633