10 0.6856680672219174 0.7765490096130514 0.6252860567014281 0.24514659973721686
8 0.6108862077104119 0.6074530501951132 0.6503166865848417 0.2871193545867632
8 0.5360917322082271 0.4420263039188349 0.6063136637596908 0.2588663224543095
8 0.4735874797549844 0.28684897268446374 0.5702647915359303 0.24004691693837132
1 0.429699497800542 0.17015612379208234 0.542112858573275 0.1843596644888662
4 0.23252845529177732 0.8664206162783401 0.10160897208379523 0.1396559520981031
4 0.19508493534668636 0.7182788619194845 0.11713304415836162 0.16923697776449487
4 0.09740794422911475 0.5560420299510516 0.11646451585763573 0.19943937759789687
4 0.15938593717315933 0.5676530787106701 0.10689200339147338 0.1558544785480207
4 0.127308889827121 0.4365159229018969 0.11096513597422226 0.15789284874793807
4 0.07768469887027946 0.39772973589258764 0.10421988612803072 0.2006342782148247
4 0.04980157438553683 0.2775078705422165 0.06631007351267439 0.16764050891556703