15 0.09685495578396253 0.4768050848748583 0.11802866029131313 0.07373358025028343
15 0.10392273255429622 0.5480685706393906 0.1193724642703337 0.07425596381424038
15 0.10973839096914821 0.623769215546369 0.11531582035191364 0.07999598071539138
15 0.11709384060077764 0.7060360805928798 0.11260298041251411 0.08625838118049955
15 0.12268390813799952 0.7905513647353258 0.10552496337055521 0.08704738095373732
15 0.12513618393165052 0.8536163761917286 0.0936985380675528 0.055070383506039766
25 0.2670356374007942 0.15082927748191613 0.1940171640442355 0.06597999177373381
25 0.27366147471776253 0.20546562401098095 0.1949767388950415 0.07721046052373381
25 0.2795106094461373 0.2777397745894702 0.20132801832625846 0.09832591237258256
16 0.541405365125509 0.40276687602778904 0.1471091867155779 0.04916141078524627
16 0.55054805514412 0.4448582693184727 0.14669198025870558 0.04427859828524627
16 0.5587685192990973 0.48379288564113476 0.14998890923772615 0.04485213532013832
16 0.5672393073281979 0.5256571894637969 0.1580100124661623 0.04749815545387914
16 0.5720124485857347 0.5700652064783293 0.15496340736126513 0.049854305918987096
16 0.5820356438222921 0.6148250954870345 0.15208368483911672 0.05416358138409505
16 0.5926555440891496 0.6627502870422506 0.1621830750046144 0.05832559873877097
14 0.6002492005890883 0.7325318778998047 0.1773656365663839 0.061159181599273804
14 0.6134688958640977 0.7879742753590855 0.17948564414913282 0.06316346007020934
14 0.6187009642241939 0.8377533861236179 0.1804374736526396 0.05149586354114444