1 0.5203773779761879 0.7891036419973365 0.42758873251968793 0.16667224080125287
1 0.5281446644364443 0.6560876434236189 0.41499384896025643 0.15575233921908582
1 0.5306701412498445 0.5193391783041557 0.40978551562692306 0.15545634129367825
4 0.08893637447705038 0.8619661351165409 0.17787274895410077 0.07965215716198815
4 0.09742921068852167 0.7561607451398511 0.19485842137704334 0.17500771525347947
11 0.13171994718030852 0.6060294066418888 0.26343989436061704 0.12443447108972183
11 0.12394548504214276 0.494394068467356 0.2478909700842855 0.14699126193471201
11 0.12267100940922183 0.37024477418559654 0.24534201881844367 0.14380986087119307
11 0.12517762183923928 0.24924716584789278 0.25035524367847856 0.14107245669578555
2 0.5672792482811911 0.38182915282484153 0.47075734243109446 0.18661834920451348
2 0.5741281815514635 0.240419873649434 0.47392910947305333 0.1858267854078931