23 0.11393229166666667 0.5146484375 0.22786458333333334 0.44873046875
22 0.2545572916666667 0.5693359375 0.287109375 0.3369140625
22 0.5065104166666666 0.576171875 0.265625 0.35546875
22 0.7903645833333334 0.57958984375 0.2975260416666667 0.3681640625
10 0.09830729166666667 0.890625 0.19661458333333334 0.21875
10 0.23958333333333334 0.8837890625 0.16471354166666666 0.23193359375
8 0.345703125 0.92431640625 0.201171875 0.1513671875
8 0.4095052083333333 0.8193359375 0.15690104166666666 0.0927734375
8 0.560546875 0.82373046875 0.17513020833333334 0.09423828125
8 0.5325520833333334 0.93017578125 0.19466145833333334 0.13916015625
8 0.7200520833333334 0.9365234375 0.18619791666666666 0.12646484375
1 0.9069010416666666 0.93603515625 0.18619791666666666 0.1279296875
1 0.8951822916666666 0.8447265625 0.1796875 0.083984375