4 0.3837890625 0.754201960015941 0.4830729166666667 0.22699539659571122
4 0.4055989583333333 0.5773193132356764 0.4661458333333333 0.21949412596028206
4 0.4322916666666667 0.4144048996855765 0.447265625 0.2084981173669187
4 0.4508463541666667 0.2579138734602021 0.4388020833333333 0.210118575799204
8 0.91015625 0.7230146116026896 0.138671875 0.15632952001332412
8 0.919921875 0.5683338905630189 0.15625 0.16678606788473133
8 0.9267578125 0.4230456670852494 0.146484375 0.1581014405950607
10 0.8489583333333334 0.8250294217846261 0.22981770833333334 0.10375973930025073
1 0.9254557291666666 0.28100700280720553 0.14908854166666666 0.1523444245389729
1 0.9375 0.16456679581661166 0.125 0.10989369805778514
11 0.4837239583333333 0.15701221679331073 0.3971354166666667 0.11766052019660894
15 0.024739583333333332 0.6601604025328343 0.049479166666666664 0.1464760699343315
15 0.01171875 0.7817659472523951 0.0234375 0.12494466799520976
15 0.046549479166666664 0.7557386932525696 0.050130208333333336 0.1386891596703097