15 0.3971354166666667 0.05908203125 0.119140625 0.11767578125
15 0.5104166666666666 0.0546875 0.12174479166666667 0.109375
15 0.638671875 0.05126953125 0.13151041666666666 0.10205078125
15 0.7649739583333334 0.046875 0.13020833333333334 0.09375
15 0.8932291666666666 0.04736328125 0.12434895833333333 0.0947265625
25 0.0859375 0.26318359375 0.16861979166666666 0.1728515625
16 0.3268229166666667 0.484375 0.068359375 0.12548828125
16 0.388671875 0.4833984375 0.07096354166666667 0.13134765625
16 0.458984375 0.482421875 0.06966145833333333 0.12939453125
16 0.5227864583333334 0.482421875 0.07356770833333333 0.12939453125
16 0.5930989583333334 0.48291015625 0.06966145833333333 0.12841796875
16 0.6712239583333334 0.484375 0.07096354166666667 0.13134765625
16 0.7421875 0.4833984375 0.07356770833333333 0.13671875
14 0.84375 0.48193359375 0.08528645833333333 0.1484375
14 0.935546875 0.48388671875 0.08072916666666667 0.14306640625
5 0.8860677083333334 0.9365234375 0.22786458333333334 0.126953125