7 0.0205078125 0.2526041666666667 0.041015625 0.16927083333333334
7 0.06103515625 0.2532552083333333 0.09375 0.16927083333333334
17 0.54052734375 0.2884114583333333 0.06201171875 0.12890625
17 0.6025390625 0.2858072916666667 0.0615234375 0.12825520833333334
3 0.74658203125 0.2591145833333333 0.09375 0.19140625
24 0.8701171875 0.4954427083333333 0.087890625 0.15234375
24 0.9287109375 0.49609375 0.0732421875 0.15169270833333334
24 0.95458984375 0.4140625 0.07275390625 0.01953125
24 0.970703125 0.49609375 0.05859375 0.154296875
6 0.32275390625 0.65234375 0.03564453125 0.09505208333333333
6 0.3515625 0.654296875 0.03369140625 0.09505208333333333
6 0.380859375 0.65234375 0.033203125 0.09375
6 0.3583984375 0.5963541666666666 0.03125 0.0234375
6 0.388671875 0.5924479166666666 0.03076171875 0.025390625
6 0.41455078125 0.5970052083333334 0.03076171875 0.018880208333333332
6 0.40966796875 0.65234375 0.0322265625 0.09309895833333333
0 0.4462890625 0.5807291666666666 0.0283203125 0.016927083333333332
0 0.44384765625 0.59765625 0.0302734375 0.018880208333333332
0 0.43896484375 0.6529947916666666 0.03173828125 0.09309895833333333
0 0.47412109375 0.5813802083333334 0.02783203125 0.014322916666666666
0 0.47265625 0.5983072916666666 0.029296875 0.01953125
0 0.46826171875 0.6549479166666666 0.0302734375 0.09375
0 0.50146484375 0.5755208333333334 0.0263671875 0.013671875
0 0.50244140625 0.5963541666666666 0.02783203125 0.027994791666666668
0 0.4990234375 0.65625 0.02880859375 0.09635416666666667
0 0.5283203125 0.6575520833333334 0.02978515625 0.09440104166666667
0 0.533203125 0.6282552083333334 0.02734375 0.08984375
0 0.5302734375 0.5768229166666666 0.0263671875 0.014973958333333334
19 0.02099609375 0.4544270833333333 0.04150390625 0.166015625
19 0.05712890625 0.4583333333333333 0.0693359375 0.16796875
19 0.10791015625 0.458984375 0.068359375 0.16861979166666666
19 0.16796875 0.4602864583333333 0.0849609375 0.169921875
9 0.47216796875 0.7779947916666666 0.0283203125 0.10872395833333333
9 0.501953125 0.7786458333333334 0.03173828125 0.10286458333333333
9 0.5322265625 0.7799479166666666 0.02978515625 0.10677083333333333
20 0.2001953125 0.9108072916666666 0.07080078125 0.17838541666666666
20 0.2568359375 0.9114583333333334 0.0673828125 0.17708333333333334
20 0.31884765625 0.9108072916666666 0.07275390625 0.17838541666666666