18 0.7407983326945977 0.5861070233562282 0.04891712749896904 0.052171850501131566
18 0.7017900502693091 0.5696885166945844 0.046504136315608235 0.053303335594611166
18 0.6635355010189998 0.5523446270048967 0.04644730618232984 0.05069916892794465
18 0.6245201148270514 0.5362516411765863 0.04598743999896904 0.051967132613307175
7 0.8068818898048966 0.6839656725814783 0.029110709248763023 0.06053856993433163
7 0.7904152988714328 0.6766207087171402 0.029584782965443424 0.059921647915635624
7 0.7741928485629688 0.6692928046767874 0.028091524148804226 0.058517205638390024
7 0.7574963245378246 0.6612797393217972 0.02754641276552583 0.0558789193237527
19 0.6112501311366494 0.5953115431346369 0.028119939215443424 0.05981928897172336
19 0.5943023627198452 0.5876069387889945 0.02912491678208262 0.061189611600998305
19 0.5788478531196801 0.5787026100539312 0.028622427998763023 0.06050445028636083
19 0.5613975959195565 0.571614927726985 0.028622427998763023 0.06050445028636083
17 0.7813637200826182 0.8112853589508394 0.02532334463245345 0.043372649065203106
17 0.7646458847574946 0.8042488560958493 0.025854248482412245 0.04535989371317406
28 0.5616248286988245 0.7740875018827068 0.02227999686589688 0.03795959784404553
29 0.5484909613154431 0.7708876255541638 0.01920823403270111 0.031244463289554325
30 0.5336765246237007 0.7662662471243898 0.016397431916391758 0.014146781716367407
30 0.531301664832206 0.7742507295418548 0.017402409483030956 0.015517104345642352
30 0.5321877570151544 0.7560556825231589 0.013941818133072159 0.013325141809847155
32 0.7850526889523296 0.9559687631890963 0.0438159768820412 0.06416632604012011
31 0.7463027546853604 0.9389162746847712 0.05115440316536102 0.06532916242634783
9 0.5175886350503296 0.8424081550092533 0.018501614665773047 0.04354601566027938
9 0.5081381883419276 0.8384876135404907 0.0200090810157319 0.04560149960419165
9 0.49598798722520593 0.8350304556745559 0.020999851049051554 0.046320780566799925
20 0.7693368078038347 0.9980002275541953 0.038373845465443424 0.0039995448916094745
20 0.7486914111787316 0.9923838426228246 0.03907523971523719 0.015232314754350718
20 0.7272922813786491 0.987744020191454 0.03826916761507215 0.02451195961709196
20 0.7053906627952471 0.9837381796027646 0.03743468044826814 0.03252364079447082
20 0.6862740438200821 0.9788410756340019 0.03697481426490734 0.0423178487319961
20 0.6622888198782368 0.9725146317408216 0.043421923248144534 0.05497073651835679
21 0.6319630434530512 0.9688783457230402 0.041312515381628945 0.0622433085539195
21 0.6074753307278863 0.9641276344357648 0.040335952881628945 0.07174473112847046
21 0.5830515519026596 0.9572183881718591 0.04185762676490734 0.08556322365628184
21 0.5573147209858553 0.9491835905680693 0.04283418926490734 0.0861993837628745
21 0.5324239722106079 0.9357076786975768 0.04429903301490734 0.08630174270678677
25 0.5061515986658452 0.3917052003225266 0.024043198815608235 0.05173383178795765
25 0.4904316371407009 0.38376037426347787 0.02395795361569064 0.04782758178795765
25 0.4759039636739174 0.37720293065768934 0.02398636868232995 0.04912966512129099
25 0.4606651796321133 0.3696177450799447 0.02348387989901035 0.048444503806653515
23 0.4356581580317421 0.35026539838546666 0.03516898971523719 0.07006258904331371
23 0.413374814698237 0.3405578737454798 0.034694915998556786 0.0706795110620096
22 0.390949396031536 0.33736076577215957 0.028437730065608235 0.05204090861969416
22 0.3718256732897113 0.32852606051064903 0.028409314998969037 0.05073882528636083
22 0.35316892049790716 0.32070203739710923 0.026972886315608235 0.05193854967578204
27 0.2954541589141958 0.2987381534552591 0.09858872208195879 0.07189397661284191
27 0.20856067380513393 0.25810846831117973 0.09959369964859799 0.0732642992421167
12 0.5488642022346494 0.4960811871025004 0.026527227665567032 0.05385755502781139
13 0.5258342294928247 0.48697352465722404 0.02656985026552583 0.05581068002781139
13 0.5115649041843606 0.47978209920875425 0.02507659144888663 0.05440623775056578
13 0.4960535644509174 0.4734819371403575 0.025048176382247433 0.05310415441723245
10 0.45380490744212354 0.44868657210958535 0.029195954448680395 0.06444481993433164
10 0.4368500352586597 0.4413074885972765 0.02923857704863919 0.06639794493433164
10 0.4193997780585359 0.4342198062703302 0.029167539382041197 0.0631427366009983
10 0.4034498834417112 0.42560687872062947 0.027702695632041197 0.06304037765708603
10 0.38740763985830917 0.42122572200426195 0.0271575842487628 0.060402091342448706
8 0.37020152328318545 0.414155099501301 0.029542160365484627 0.057968522915635624
8 0.35351920679136073 0.4054909924796442 0.02707233904884543 0.056495841342448706
8 0.3370242007912576 0.39944811194863944 0.02606736148220623 0.055125518713173914
1 0.3213113430327731 0.39117776505625734 0.027631657965443313 0.0597851693237527
1 0.30557007020764937 0.3842095014972086 0.026138399148804115 0.0583807270465071
1 0.29056121925752565 0.377292417410116 0.026640887932123714 0.059065888361144715
2 0.27196840036565967 0.36653870679657624 0.03465229339859799 0.0687263860620096
2 0.25212646328215454 0.357001780396443 0.030689213265319593 0.0658492622115771
26 0.49161077465238123 0.5426131567525331 0.024531480065608235 0.05176795143592846
24 0.4719916668938967 0.5340698526763852 0.02351229496564944 0.04974658713998684
24 0.45622197900213385 0.5284036724506699 0.02448885746564955 0.04981482643592846
24 0.4409689874270102 0.5214695285395918 0.02448885746564944 0.04981482643592846
24 0.42573020338520606 0.5138843429618473 0.025479627498969037 0.05053410739853644
24 0.40997472302676274 0.5075671210694651 0.025048176382247433 0.05310415441723245
24 0.394233450201639 0.5005988575104164 0.025982116282288636 0.051219268713173914
4 0.37390323186813385 0.4910278114623125 0.02849456019888663 0.05464507528636098
4 0.35597179718467 0.48358048865406206 0.02803469401552583 0.055913038971723505
4 0.3392752731595256 0.4755674232990719 0.027001301382247433 0.05324063300911538
4 0.32256454160106174 0.4682053996107484 0.02702971644888663 0.054542716342448706
4 0.305602565650938 0.46115183693177286 0.027432752498969037 0.05067058599041937
11 0.2896739823340926 0.45156234688207214 0.026109984082165028 0.05707864371317376
11 0.27130399276724726 0.44180225859251765 0.028119939215443313 0.05981928897172336
11 0.25486581690042254 0.43315521139484625 0.02865084306540211 0.061806533619694314
11 0.23763838902531942 0.42706115139188533 0.02814835428208251 0.06112137230505684
15 0.41491844603669054 0.5835485696504034 0.02497713871564955 0.049848946083899115
15 0.3986959957282266 0.5762206656100505 0.02546541996564955 0.04988306573186977
15 0.3824877529530823 0.5682417199030311 0.025493835032288636 0.051185149065203106
15 0.3652958439112782 0.5605200557334035 0.02605315394888663 0.05447447704650724
15 0.3495119484861957 0.5555049171743548 0.02655564273220623 0.055159638361144715
15 0.333526535036072 0.5485195937913206 0.024991346248969037 0.05049998775056578
25 0.4991181357636081 0.6803910000172372 0.025048176382247433 0.05310415441723245
25 0.48386514418848436 0.6734568561061591 0.025967908748969037 0.05056822704650732
25 0.4681380788966802 0.6658375508804438 0.025522250098927834 0.05248723239853644
25 0.45242522113819567 0.6575672039880617 0.025996323815608235 0.05187031037984058
16 0.40038399188084517 0.7005511799417871 0.018458992065814472 0.04159289066027938
16 0.39022953836408225 0.6952773756677351 0.016979940782494873 0.04083949004970074
16 0.37929293660570085 0.6922310377550603 0.01946396963245367 0.04296321328955462
16 0.36936841618061833 0.6876253349716603 0.01848740713245367 0.04289497399361301
16 0.3606645988805358 0.6831049313081872 0.01995225088245367 0.04299733293752506
16 0.3490310940804534 0.6783798097568897 0.01946396963245367 0.042963213289554325
16 0.3386182924053709 0.6737399873255191 0.01946396963245367 0.04296321328955455
14 0.32365206405520597 0.6648697782384264 0.020985643515731955 0.04566973890013326
14 0.3112648260801441 0.6610700397151729 0.019492384699092757 0.04426529662288766
14 0.30012670629672145 0.6560535169785127 0.01995225088245367 0.04299733293752513
14 0.28726539460497913 0.6515686171406218 0.01850161466577327 0.04354601566027968
5 0.2514895613336492 0.8231619051985389 0.08982284953146394 0.09468320330139808
27 0.08941235869933994 0.7655419844429817 0.10770455784830929 0.08748208860964841
0 0.8761347838321029 0.7934563885091904 0.01735456176593808 0.03566527636433806
0 0.8657006708570409 0.7897931285778196 0.0193645168992167 0.03840592162288795
0 0.8542970991486389 0.785736108517174 0.01837374686589688 0.03768664066027968
0 0.8448395486735771 0.7821410878817449 0.0154440593658971 0.037481922772455135
6 0.9131615261907524 0.8110404999122846 0.016377999265938303 0.03559703706839675
6 0.9034811463906698 0.8064518569528699 0.016349584199299105 0.034294953735063416