24 0.13411672649757925 0.7942333990495549 0.11837428199860434 0.16002111074127345
24 0.22910195471258252 0.7857034100050304 0.12889330760918316 0.16180428947224534
24 0.32388108086215 0.7788923533036614 0.12121728620106609 0.1635186632365162
24 0.430447196307659 0.7726997322486988 0.13509664744411332 0.15760871758535266
24 0.5371852941706329 0.7642998976005808 0.13615712488642875 0.16348798852166357
4 0.673939547996215 0.7559614123821685 0.1483194303100482 0.17019377162525684
4 0.7935947360709988 0.750347435100991 0.15815052625076684 0.18072622098360736
4 0.9156323131006395 0.7414800459495705 0.16568730071177828 0.18631617003302559
4 0.9801971067945142 0.7337023747163568 0.03960578641097149 0.18379850327932945
10 0.3044835059991445 0.9634709521510434 0.12453706608982092 0.062274498217488095
10 0.4101242384166095 0.9580405968755469 0.1111722679215575 0.06625121480496254
10 0.5128509589804485 0.9575925337816042 0.12577091012721286 0.061337727590109914
10 0.6238037678527705 0.9488192349224664 0.11610487571590215 0.0717615801091378
10 0.7328274324371348 0.9171066652814839 0.1303115916625425 0.11702168602642038
15 0.23529335684098993 0.5335123645796882 0.14026255606380747 0.18505194726690655
15 0.34095253326005176 0.5236775300860363 0.14492220667438627 0.1866560625710818
15 0.44736511028969234 0.5152876434060738 0.14714828885815212 0.19062200038001387
15 0.5598090447367982 0.5045114797061592 0.14944261033785944 0.19556450068894615
15 0.6771016720359331 0.4930978152339138 0.15122513709800592 0.19318278224787844
15 0.7943090002151413 0.4804634476366686 0.1556773014655374 0.201114657865743
16 0.04209821418443214 0.10293947365737502 0.08030678850020108 0.15447261518524996
16 0.10514828108479801 0.09489610424207715 0.0951442682416515 0.15297709672039717
16 0.17803221228110533 0.08753085828211808 0.09966744026034745 0.1526280870245724
16 0.24586273273755901 0.0778734255944896 0.09792180150339454 0.1462406389019509
16 0.3207850880537932 0.07322168477326292 0.11049631105788567 0.14644336954652584
16 0.39351548083423227 0.06722967382393875 0.11145719791151176 0.1344593476478775
16 0.4771941631801071 0.058495122885317864 0.1106383263602142 0.11699024577063573
14 0.5831604164309055 0.0546962343873027 0.11293541619514436 0.1093924687746054
14 0.6742066591755494 0.042521539472928895 0.10752790168443216 0.08504307894585779
14 0.7654732954543917 0.03825882424010882 0.11558200757545005 0.07651764848021764
14 0.8572189909824356 0.03614363479151188 0.11808381529820444 0.07228726958302376