10 0.883784341750098 0.48129783049793295 0.1709722044400778 0.3121427182122989
10 0.7988780042404136 0.474103028066361 0.22786337007271365 0.2801775035358379
8 0.7053510173915253 0.4581603538243686 0.24199049775463752 0.28511997151729784
8 0.5663740017685742 0.43411859067445513 0.2545423904940736 0.28712707052433317
8 0.41993961356903925 0.4132819037588779 0.24618358727576492 0.28123360667778463
1 0.27674674579086456 0.3855979163944511 0.2527713665668432 0.289071673312696
1 0.12738495463749194 0.3547954952806658 0.2547699092749839 0.2905990132813685
4 0.746051864513667 0.8347825329391263 0.26362513647118774 0.2798454628325189
4 0.5953105736225237 0.8112801843090356 0.2547837047470087 0.2827353800115455
4 0.4398594965820269 0.7929232535958255 0.26738112275463743 0.28523076026858085
4 0.29073212194557696 0.7625807063599164 0.2652458966818679 0.2832691130569436
4 0.13266583196778328 0.7381358840763743 0.26533166393556656 0.28571336004415615
11 0.062435156124467615 0.6727136239699348 0.12487031224893523 0.2688305645601303
27 0.276820361073365 0.04024327002876195 0.3083384445199367 0.0804865400575239
23 0.9589463003181041 0.13931204647330966 0.06899612212438348 0.14672583766305236
22 0.8720161674824171 0.10845406820861819 0.21874939336969015 0.14054611045911225
22 0.7011927101831148 0.07698598254432379 0.22126250949997198 0.13958091090796176
22 0.5383229418782399 0.05933830409139681 0.2150207829101869 0.11867660818279362