24 0.045572916666666664 0.23193359375 0.09049479166666667 0.1513671875
24 0.14127604166666666 0.2314453125 0.10026041666666667 0.15234375
24 0.236328125 0.22900390625 0.09244791666666667 0.15478515625
24 0.3430989583333333 0.22509765625 0.107421875 0.1474609375
24 0.4505208333333333 0.22314453125 0.107421875 0.1533203125
4 0.5872395833333334 0.21826171875 0.11848958333333333 0.15869140625
4 0.70703125 0.21240234375 0.126953125 0.16845703125
4 0.8294270833333334 0.20947265625 0.13346354166666666 0.17333984375
4 0.9453125 0.20654296875 0.10872395833333333 0.1748046875
10 0.181640625 0.037109375 0.11197916666666667 0.07421875
10 0.2877604166666667 0.0361328125 0.09895833333333333 0.07177734375
10 0.3899739583333333 0.02978515625 0.115234375 0.05908203125
10 0.501953125 0.03173828125 0.10416666666666667 0.06298828125
10 0.6158854166666666 0.05322265625 0.11067708333333333 0.1064453125
15 0.19401041666666666 0.48046875 0.107421875 0.1748046875
15 0.30078125 0.47998046875 0.11197916666666667 0.17578125
15 0.4075520833333333 0.47802734375 0.11393229166666667 0.1796875
15 0.5208333333333334 0.47802734375 0.115234375 0.1845703125
15 0.6393229166666666 0.47802734375 0.1171875 0.18212890625
15 0.7578125 0.4794921875 0.12044270833333333 0.189453125
16 0.07682291666666667 0.92529296875 0.064453125 0.14892578125
16 0.146484375 0.9267578125 0.06770833333333333 0.146484375
16 0.22005208333333334 0.92724609375 0.072265625 0.1455078125
16 0.2890625 0.93017578125 0.072265625 0.13916015625
16 0.3645833333333333 0.92919921875 0.083984375 0.1416015625
16 0.4381510416666667 0.931640625 0.0859375 0.13671875
16 0.5234375 0.9365234375 0.08723958333333333 0.126953125
14 0.6302083333333334 0.93505859375 0.08919270833333333 0.12939453125
14 0.7233072916666666 0.94287109375 0.08723958333333333 0.1142578125
14 0.8151041666666666 0.94287109375 0.095703125 0.1142578125
14 0.9069010416666666 0.9404296875 0.09765625 0.11865234375