10 0.8097593136871403 0.5741866534261517 0.29002776405599323 0.39854951532831423
10 0.9165001657759699 0.6389729663077662 0.1257131336843793 0.4961174005307982
8 0.5574207191635954 0.6514727710894156 0.29949164026539216 0.42047776169318984
8 0.3478318094156323 0.6405456830345941 0.2383453887536433 0.390481049437915
8 0.16989385769865276 0.6333166351237023 0.2015377625442444 0.367118757124979
1 0.051254506130758826 0.6198031996412923 0.10250901226151765 0.34242485071741546
4 0.08725707718031571 0.9061341835497488 0.17451415436063142 0.18616101114786487
4 0.2131250407438996 0.911369042724721 0.22249713346579317 0.16169227282876086
4 0.3791664983213585 0.9160559256067822 0.21473629862071097 0.13449536456731792
4 0.5810834521933977 0.9174000474259074 0.21162369494618036 0.10949058896388486
4 0.7952565233522476 0.920536840423291 0.22347677986848513 0.07114511193791495
4 0.7814482528952164 0.8474670457536146 0.20159971657399942 0.08948132364786487
23 0.8868572059917579 0.08799062064969318 0.20024392134981758 0.17598124129938636
22 0.6494047417979453 0.09915413334245755 0.3353050997374429 0.1983082666849151
22 0.3672990862475379 0.11019819907780845 0.2790737025049242 0.2203963981556169
22 0.13679209906533216 0.12034258307482557 0.23884552842741805 0.24068516614965113