1 0.15625 0.4453125 0.17643229166666666 0.30712890625
1 0.3333333333333333 0.443359375 0.16341145833333334 0.298828125
1 0.5149739583333334 0.4453125 0.16341145833333334 0.294921875
4 0.040364583333333336 0.85107421875 0.08072916666666667 0.2978515625
4 0.18098958333333334 0.8486328125 0.20638020833333334 0.302734375
11 0.3821614583333333 0.79248046875 0.13216145833333334 0.2900390625
11 0.5305989583333334 0.82958984375 0.16471354166666666 0.33203125
11 0.6959635416666666 0.83349609375 0.16145833333333334 0.32958984375
11 0.8567708333333334 0.82568359375 0.158203125 0.31494140625
27 0.6022135416666666 0.0595703125 0.794921875 0.11865234375
2 0.69921875 0.421875 0.19856770833333334 0.337890625
2 0.8873697916666666 0.4208984375 0.197265625 0.34033203125