7 0.46755642525161456 0.9356622465340604 0.09384366082485229 0.06500824381849728
7 0.47190214285121695 0.8879485468035546 0.09631985331342563 0.08011868074371353
7 0.47804246413926776 0.8306923839624701 0.09427576005454319 0.07737803548516393
7 0.48342762148759794 0.7741384422600083 0.09320822929566097 0.07470562952255595
7 0.488846891933009 0.7166079380575466 0.09547974320174912 0.08395669144777192
17 0.5223050001949006 0.25380814888791897 0.07409703435149928 0.07142183825169734
17 0.5295128522418336 0.19387958008422634 0.074051550222058 0.07011975491836399
3 0.5583676394492733 0.05807607417634186 0.10885731764336648 0.10437505229501103
6 0.28818143681680003 0.47214774352764177 0.059867305624352496 0.04055269108982085
6 0.2899827357336673 0.4414976057223523 0.06084386812435261 0.040620930385762456
6 0.3250025333453438 0.4429472410684598 0.013786931606587949 0.032137110847239025
6 0.3299435472901302 0.41305188805136056 0.0171821582918672 0.03172490671636741
6 0.2944354684284537 0.4116363723532239 0.059890047689073134 0.04120373275648751
6 0.2977243531600416 0.3802328339373556 0.059867305624352496 0.04055269108982099
6 0.33098968226727693 0.38310397138469393 0.012810369106587838 0.03206887155129756
0 0.3510386508104164 0.35994634945651677 0.010300736662426146 0.029945148311443976
0 0.34314120463846043 0.35595203198136716 0.012367571986029002 0.03333683523666009
0 0.34589632399060716 0.3258846965468029 0.010323478727146673 0.03059618997811057
0 0.35246672508387156 0.2981485705951395 0.011300041227146673 0.030664429274051958
0 0.35426802400073876 0.26749843278985014 0.010925470300749529 0.033885517959414635
0 0.3337675436841442 0.352385594283463 0.012855853236029002 0.0333709548846309
0 0.33677817469365123 0.32197567819158013 0.012390314050749529 0.033987876903326754
0 0.341940587198717 0.2927143070171623 0.016319306115470278 0.03491187575375928
0 0.34381011230974606 0.2601110442118728 0.01685307149491133 0.036248078735063416
0 0.301200523354828 0.3504398398641686 0.059867305624352496 0.04055269108982099
0 0.30351284558641584 0.31910454074424177 0.060843868124352496 0.04062093038576239
0 0.30580242575328315 0.2884202832909816 0.060934836383234825 0.04322509705242905
0 0.30862577129959157 0.25639982285641744 0.06188865681851419 0.04264229468170385
18 0.5831038402122688 0.9116765486036201 0.07982130324616077 0.09585157639807118
18 0.5938795038543632 0.8053875428747111 0.08284465157101284 0.15451356569401278
19 0.3656528304673118 0.8339996711530567 0.09706899516621981 0.07367650337298848
19 0.37136707461259794 0.7819689014692909 0.09844287065733748 0.07117469565023378
19 0.3765589244108032 0.7309488139334958 0.10044147978677853 0.07261325757545005
19 0.3800417898340085 0.6800481451655983 0.10037325359261695 0.07066013257545005
19 0.38580151810873575 0.6267152921484991 0.09909034636038161 0.07576610696487111
9 0.22239060503374658 0.3127582511220204 0.07065497725379366 0.04260540667851028
9 0.22712159145061386 0.2819033954289065 0.06925835969795541 0.044456172734598155
9 0.22997905009400316 0.24890637249434233 0.06923561763323482 0.04380513106793149