10 0.29146892189999296 0.25072743208161846 0.5342576399578572 0.22171579267243313
10 0.26329788614341065 0.16577025188067002 0.5265957722868213 0.10888918373865997
8 0.24652806331133817 0.44303324788884524 0.49305612662267634 0.22819131672230952
8 0.2537148132286659 0.5982434853979484 0.5074296264573318 0.18297108352259817
8 0.2723300039913227 0.7294995265904123 0.4915159777900829 0.15498799452321665
1 0.3026728890426943 0.830697855841237 0.45842252403254613 0.10991506177383537
4 0.020429979247414732 0.8197165175096186 0.040859958494829464 0.14693754824814453
23 0.8951368175526019 0.15591911841921618 0.15650507531223123 0.14329079114694848
22 0.893664098168142 0.33286685396950483 0.16965681999046467 0.24397618138018562
22 0.8833698379398899 0.5446104260696698 0.15365733214901015 0.20122576949711335
22 0.8725278396894586 0.7171326027447522 0.14329987276209 0.17127012284727838