6 0.5969631360848238 0.5475909638544693 0.0638169209513948 0.14237402598808124
6 0.5545371377246845 0.5410864456959136 0.05982535351857732 0.1403905997911492
6 0.5110919181481366 0.5355660653365911 0.061863795951394795 0.14235887538961522
6 0.4676893572879973 0.5290691224772684 0.06295411502848447 0.14497061735551484
0 0.42332445349999437 0.5222542340838455 0.062295198912849736 0.14106057970589836
0 0.3786727503705827 0.5164178020152309 0.06295411502848447 0.14497061735551484
0 0.3318664403325796 0.5096218518698906 0.06485036173993963 0.1436836846206475
0 0.28406934822244034 0.5031589978571165 0.06746240285557437 0.14760887286873015
19 0.903506502279557 0.8826637945734741 0.08480774326408902 0.22063538137427555
19 0.8405442522751453 0.8769693993654785 0.09382431891826859 0.2259118924007059
19 0.7570717818720494 0.8659021250995176 0.12834527614953828 0.2339895278738613
20 0.8784261037259271 0.1438510309034137 0.11359271366718504 0.2091438903512659
20 0.7882172328277849 0.13055813789875073 0.11500067912863998 0.20785316996678213
20 0.6847394507468253 0.11932063643373347 0.1289569455713646 0.214469640822711
9 0.4103715939617615 0.2935911077824881 0.0700079340879276 0.17235981915091295
9 0.3632784845823498 0.28777361396195594 0.0704962153379276 0.17236360680052942
9 0.3148342880300279 0.27936331642360673 0.07213169395356234 0.17628121974937896