17 0.3341627674451162 0.5495787951163776 0.1013870525093461 0.09491842657633114
17 0.3270963803533978 0.6317385748308163 0.10088740792588025 0.09360119008000585
3 0.2954108776257425 0.8205853011401478 0.15110685709738572 0.142672854371846
24 0.46375342031849887 0.9706100728604025 0.11781248334062466 0.058779854279195
6 0.6240671803886945 0.2941810914519393 0.07420204708883493 0.05632458594511003
6 0.6229966993430838 0.33289534087411815 0.07369103917190323 0.05370526611545142
6 0.6192406714224732 0.3715262478998415 0.07270879500517013 0.053023918122801085
6 0.5792529149675867 0.3364219452863432 0.019906240004374798 0.043574876519675954
6 0.5737765393385102 0.3763018995749283 0.021371083754374798 0.04362033600865164
6 0.5751815545432972 0.41118566481206664 0.016482589587641705 0.04281776271206598
6 0.6169523280852292 0.4098770935812073 0.0722091504217044 0.05170668162647581
0 0.5604193126641214 0.4517542715038056 0.01498933750397713 0.039517094889756965
0 0.5731345109976866 0.44986960790826164 0.016476907920909056 0.042166721045399314
0 0.6149052845396186 0.4485610366774024 0.0722034687549713 0.05105563995980914
0 0.5586306139103431 0.4888181870148299 0.013024849170511166 0.03815439890445601
0 0.5713344489104426 0.48823560675261923 0.01695382583744287 0.04087979087505792
0 0.6140732624522749 0.48793390434774375 0.07267470500477247 0.049117668122801085
0 0.5519704659900307 0.5244284875626019 0.012519522920312331 0.036186120741464066
0 0.5675698984897325 0.5278430762783427 0.02329011875397713 0.03977469866061926
0 0.6124974551564655 0.5285861256069307 0.07461078500457363 0.04722515577476857
0 0.6111799926524883 0.5676183192809469 0.0731573045880396 0.048481779619126364
0 0.5889234241103577 0.5714861420314822 0.06970524583764193 0.04446945747818291
0 0.5506586851527866 0.5628096395699514 0.013496085420312331 0.03621642706744795
19 0.4942682914569745 0.028688931695964093 0.12767435458605103 0.0306476838742189
19 0.49289401228566787 0.07423154203664696 0.13432916292866426 0.121975355163455
9 0.7057508224508829 0.5044545739902206 0.0838938104213065 0.048164107538281264
9 0.7036952564051728 0.5441150795864157 0.0795333691717044 0.05193397907135422
9 0.70236643056773 0.5844493565937653 0.08244033000477247 0.04942073138263906
20 0.8272356481117762 0.15559015351575614 0.13911538709420412 0.11105917846004065
20 0.8229144653957539 0.23099733812665021 0.13809905292707336 0.10647158046739014
20 0.8175570626790354 0.31321015391156054 0.13962639501113605 0.1136784982896993