18 0.25927734375 0.365234375 0.04150390625 0.033854166666666664
18 0.30078125 0.3665364583333333 0.0419921875 0.036458333333333336
18 0.341796875 0.3671875 0.03955078125 0.035807291666666664
18 0.3818359375 0.3665364583333333 0.03955078125 0.035807291666666664
7 0.1826171875 0.4296875 0.017578125 0.050130208333333336
7 0.19970703125 0.4290364583333333 0.017578125 0.048177083333333336
7 0.216796875 0.4290364583333333 0.0185546875 0.049479166666666664
7 0.234375 0.4296875 0.01806640625 0.047526041666666664
19 0.38427734375 0.4264322916666667 0.017578125 0.048828125
19 0.4013671875 0.427734375 0.01708984375 0.049479166666666664
19 0.41796875 0.427734375 0.01611328125 0.048828125
19 0.4345703125 0.4270833333333333 0.01611328125 0.048177083333333336
17 0.181640625 0.556640625 0.01708984375 0.034505208333333336
17 0.19921875 0.556640625 0.017578125 0.036458333333333336
28 0.39404296875 0.6080729166666666 0.01318359375 0.027994791666666668
29 0.40869140625 0.611328125 0.01171875 0.0234375
30 0.42333984375 0.6119791666666666 0.01318359375 0.0078125
30 0.42333984375 0.6197916666666666 0.013671875 0.008463541666666666
30 0.42333984375 0.6022135416666666 0.01171875 0.009114583333333334
32 0.1611328125 0.6803385416666666 0.0458984375 0.055989583333333336
31 0.1953125 0.6848958333333334 0.0390625 0.043619791666666664
9 0.41943359375 0.6842447916666666 0.01123046875 0.036458333333333336
9 0.43017578125 0.6848958333333334 0.01025390625 0.037109375
9 0.4423828125 0.6842447916666666 0.009765625 0.038411458333333336
20 0.1552734375 0.763671875 0.02197265625 0.07161458333333333
20 0.177734375 0.7630208333333334 0.0224609375 0.072265625
20 0.19873046875 0.7610677083333334 0.02099609375 0.07161458333333333
20 0.21923828125 0.7610677083333334 0.0205078125 0.07161458333333333
20 0.2412109375 0.7604166666666666 0.02099609375 0.07291666666666667
20 0.26123046875 0.759765625 0.02197265625 0.07161458333333333
21 0.2919921875 0.76171875 0.02392578125 0.068359375
21 0.3173828125 0.7604166666666666 0.02392578125 0.06966145833333333
21 0.3408203125 0.759765625 0.0234375 0.06640625
21 0.36572265625 0.7591145833333334 0.0244140625 0.06705729166666667
21 0.3896484375 0.7591145833333334 0.0234375 0.06640625
25 0.52294921875 0.2825520833333333 0.015625 0.042317708333333336
25 0.5390625 0.2819010416666667 0.01611328125 0.04296875
25 0.55419921875 0.28125 0.015625 0.044270833333333336
25 0.56884765625 0.2825520833333333 0.0146484375 0.043619791666666664
25 0.4697265625 0.5494791666666666 0.0146484375 0.044921875
25 0.48486328125 0.548828125 0.013671875 0.043619791666666664
25 0.49951171875 0.5494791666666666 0.01416015625 0.044270833333333336
25 0.51513671875 0.5501302083333334 0.015625 0.044921875
23 0.5947265625 0.2740885416666667 0.02392578125 0.061848958333333336
23 0.61767578125 0.2734375 0.0224609375 0.061197916666666664
22 0.63916015625 0.2805989583333333 0.01953125 0.044270833333333336
22 0.65771484375 0.2805989583333333 0.017578125 0.044921875
22 0.67724609375 0.28125 0.02001953125 0.044921875
27 0.732421875 0.2877604166666667 0.08544921875 0.033203125
27 0.81591796875 0.2864583333333333 0.08154296875 0.032552083333333336
12 0.46240234375 0.36328125 0.0166015625 0.046875
13 0.484375 0.36328125 0.015625 0.046223958333333336
13 0.5 0.3626302083333333 0.0166015625 0.046223958333333336
13 0.51513671875 0.36328125 0.01513671875 0.047526041666666664
10 0.55859375 0.3587239583333333 0.01708984375 0.056640625
10 0.57568359375 0.3587239583333333 0.0166015625 0.057942708333333336
10 0.591796875 0.3580729166666667 0.0166015625 0.057942708333333336
10 0.60791015625 0.3587239583333333 0.01513671875 0.056640625
10 0.623046875 0.3587239583333333 0.01416015625 0.055989583333333336
8 0.64111328125 0.361328125 0.017578125 0.049479166666666664
8 0.65673828125 0.3606770833333333 0.01513671875 0.049479166666666664
8 0.67236328125 0.3606770833333333 0.01416015625 0.050130208333333336
1 0.68798828125 0.3606770833333333 0.0146484375 0.052083333333333336
1 0.70361328125 0.3600260416666667 0.0166015625 0.053385416666666664
1 0.72021484375 0.3600260416666667 0.01513671875 0.05078125
2 0.73828125 0.3561197916666667 0.01806640625 0.057942708333333336
2 0.755859375 0.3567708333333333 0.01708984375 0.057291666666666664
26 0.50830078125 0.4296875 0.015625 0.044921875
24 0.52392578125 0.4296875 0.01611328125 0.043619791666666664
24 0.5390625 0.4303385416666667 0.0146484375 0.041666666666666664
24 0.5537109375 0.4303385416666667 0.0146484375 0.042317708333333336
24 0.5693359375 0.4303385416666667 0.01611328125 0.044270833333333336
24 0.58447265625 0.4303385416666667 0.013671875 0.045572916666666664
24 0.599609375 0.4303385416666667 0.01513671875 0.044921875
4 0.619140625 0.4290364583333333 0.017578125 0.046223958333333336
4 0.63623046875 0.4290364583333333 0.01708984375 0.045572916666666664
4 0.6533203125 0.4290364583333333 0.01611328125 0.044270833333333336
4 0.66943359375 0.4290364583333333 0.01708984375 0.044921875
4 0.685546875 0.4290364583333333 0.017578125 0.044921875
11 0.70166015625 0.4264322916666667 0.01416015625 0.049479166666666664
11 0.71826171875 0.4251302083333333 0.01708984375 0.048177083333333336
11 0.73486328125 0.4244791666666667 0.015625 0.048828125
11 0.75048828125 0.4244791666666667 0.015625 0.048828125
15 0.5634765625 0.4954427083333333 0.015625 0.04296875
15 0.57958984375 0.49609375 0.01611328125 0.043619791666666664
15 0.59619140625 0.49609375 0.01611328125 0.044921875
15 0.61181640625 0.4947916666666667 0.01611328125 0.046875
15 0.62744140625 0.4954427083333333 0.01513671875 0.044921875
15 0.642578125 0.4947916666666667 0.0146484375 0.044270833333333336
16 0.55078125 0.6048177083333334 0.009765625 0.033203125
16 0.56005859375 0.6041666666666666 0.009765625 0.033203125
16 0.5703125 0.6048177083333334 0.01025390625 0.033203125
16 0.58056640625 0.6048177083333334 0.01025390625 0.033203125
16 0.59033203125 0.6041666666666666 0.00927734375 0.033203125
16 0.6005859375 0.6041666666666666 0.0107421875 0.033854166666666664
16 0.611328125 0.6041666666666666 0.01025390625 0.034505208333333336
14 0.62353515625 0.603515625 0.0107421875 0.03515625
14 0.634765625 0.6028645833333334 0.01025390625 0.03515625
14 0.6455078125 0.6028645833333334 0.01025390625 0.036458333333333336
14 0.65771484375 0.6028645833333334 0.01171875 0.037760416666666664
5 0.65234375 0.7565104166666666 0.07177734375 0.056640625
27 0.79052734375 0.7643229166666666 0.08544921875 0.041666666666666664