18 0.5666937756943232 0.11327717231983069 0.034805933755968965 0.06481171313297851
18 0.5599159614936059 0.1675726945423223 0.035680189314098554 0.06101175126434064
18 0.5546200421998668 0.2210577429011041 0.03374411547107692 0.0614502166682831
18 0.5476066129526387 0.2750543163231029 0.034703626814098554 0.060905463132978475
7 0.530507496796369 0.008338466148807505 0.04331597544194121 0.01667693229761501
7 0.5279575813021253 0.021413679203213284 0.04333302659891958 0.037175617047585235
7 0.5254161913863707 0.044087192965937515 0.04183408053496285 0.03571410151720874
7 0.5233375059851486 0.06768412516298068 0.03986390437798448 0.03485048358781784
19 0.501651597554401 0.27291497219662936 0.04328187312798448 0.035222492047585284
19 0.4990931564816681 0.2962395276260203 0.04380425669194121 0.036577719446599634
19 0.4980166103159135 0.31875360919170137 0.04378720553496285 0.03592667777993297
19 0.49495283683620217 0.34278235035343996 0.04378720553496285 0.03592667777993297
17 0.4331356920376992 0.002591820822826806 0.031040739564027753 0.005183641645653612
17 0.43008896971496624 0.01448328903629024 0.03252263447100612 0.02896657807258048
28 0.3581682158335013 0.27652162870636715 0.02654390137215734 0.02820726048109597
29 0.3545425320485739 0.2941196692999607 0.022064114337265295 0.024473755556633153
30 0.35084864363573287 0.3143218765602209 0.00886346943028693 0.022387824116577953
30 0.3445180385427113 0.31436170774740796 0.00938585299424377 0.02374305151559238
30 0.35704283947292736 0.3194903787063672 0.008289932395394994 0.019079471717563596
31 0.33053152606097236 0.012423634146264595 0.044015072878055284 0.02484726829252919
9 0.2920564820543656 0.3096846001742954 0.031761534709351724 0.022932470203587574
9 0.2904947557897977 0.3228382936718314 0.03327753193028693 0.025045027400630786
9 0.2873999811473163 0.33875558603307715 0.03379991549424377 0.02640025479964514
20 0.2678075377441374 0.006291721206169963 0.0630177370117252 0.012583442412339926
20 0.26340370304057736 0.021139448952473924 0.06306889048266029 0.04227889790494785
20 0.2617024663689957 0.04649751703222955 0.06254650691870356 0.045758652275813105
20 0.2579116954415869 0.07969398559298255 0.06569785945942264 0.054541058336566105
21 0.2514663788019481 0.12129419531547418 0.060275612238487514 0.05200334861407452
21 0.24668199421756093 0.15524799367425596 0.0602415099245307 0.05070126528074115
21 0.24406929852270612 0.18993920623747299 0.06224578839546585 0.052866966543465344
21 0.2380386340778513 0.22500242726045738 0.062279890709422636 0.05416904987679875
21 0.2358971684760181 0.26029153742466005 0.06184276293035784 0.05606903081111766
25 0.5914100710713155 0.4708852127221568 0.03780847243611429 0.030731657325093604
25 0.5896096286090501 0.49315348955302607 0.03439050368611407 0.03035964886532631
25 0.5873720583677199 0.5135217854495764 0.035838296279135706 0.029868039395702855
25 0.585588667062433 0.535139020613779 0.034861733779135706 0.029761751264340514
23 0.5875208618791969 0.5729060937196927 0.05033947566870367 0.04443005063378669
23 0.5840253850477234 0.6041228652476053 0.05081070576172508 0.043832153032801045
22 0.5757153003441633 0.6332669107656616 0.03698537034891958 0.036484744193731565
22 0.5733157441115384 0.6598201024955452 0.03600880784891958 0.03637845606236952
22 0.5699481509574027 0.6861540615234577 0.03691716572100612 0.033880577527064894
27 0.5586161427915064 0.765614319604731 0.042909859174743215 0.13255987765349886
27 0.546363372148777 0.8802308276860046 0.04354539853517547 0.11964533245152757
12 0.5401459745977147 0.3833065807804063 0.03885323956402775 0.033442112123122314
13 0.5361451653592627 0.4152275380406665 0.040301032157049166 0.03295050265349886
13 0.5343958763679326 0.43554268987153577 0.03929036734309266 0.03154213118880348
13 0.5316444481411348 0.4569406923337673 0.038313804843092436 0.03143584305744144
10 0.5290736024636551 0.5179193762984626 0.04671689303496285 0.03624554217401924
10 0.526506635812433 0.5415694525611868 0.04819878794194121 0.03705601603772912
10 0.5231987217077216 0.565624765755766 0.04575738169194121 0.03679029570932387
10 0.521869509338478 0.5884909401876209 0.0461774583140277 0.034239273108338374
10 0.5174090967366801 0.6100749468797361 0.04373605206402775 0.03397355277993297
8 0.5143453232569688 0.6341036880414747 0.041885234005898 0.03766722651720874
8 0.5127549191057467 0.6576474761728367 0.04082341572100612 0.03430573005251336
8 0.5092369666899922 0.6804272780669232 0.039812750907049166 0.032897358587817914
1 0.5079162798992376 0.7029679316654448 0.04326482197100612 0.03457145038091861
1 0.5053919411404615 0.7249904037615021 0.0427253872500708 0.032565181315237744
1 0.5031373197421529 0.7460097413247193 0.042742438407049166 0.03321622298190411
2 0.5021940816810389 0.7727290216908932 0.04934586201172508 0.04367272083575813
2 0.49950775693096794 0.800936389620284 0.04774460900589794 0.03830495530538158
26 0.48267216618188935 0.4398738775003945 0.037337242343092436 0.03132955492607925
24 0.4797587519637968 0.4674567757959592 0.03630952637215734 0.02927014179471706
24 0.47651904248699906 0.4889079223238717 0.03585534743611407 0.03051908106236952
24 0.4740032293067121 0.5106048735865959 0.03585534743611407 0.030519081062369374
24 0.4722283635799144 0.5318965879174652 0.03637773100007091 0.03187430846138373
24 0.46946840977462745 0.5536201112130299 0.038313804843092436 0.03143584305744144
24 0.4669440710158513 0.5756425833090875 0.03688306340704928 0.032578494193731565
4 0.46424069510880206 0.604500992905145 0.03893849534891958 0.03669732045645565
4 0.4611598704721123 0.6291807757335504 0.04036923678496285 0.03555466932016552
4 0.4590811850708902 0.6527777079305935 0.03791077937798448 0.03463790732509361
4 0.45627007779466805 0.6764543562261583 0.03887029072100601 0.03409315378978898
4 0.4532233554719351 0.6998320557212302 0.03646298678496285 0.03512951679471706
11 0.4528621800242022 0.7229174628550563 0.04127759465704928 0.0330567907848612
11 0.4507152899950665 0.7491185617187662 0.04328187312798448 0.035222492047585284
11 0.44912488584384436 0.7726623498501283 0.04476376803496285 0.03603296591129516
11 0.4455898822711114 0.7960931934108814 0.04424138447100612 0.034677738512280655
15 0.42037444644041744 0.5226090446120049 0.0358894497500708 0.03182116439570285
15 0.41806867157117367 0.5455815071752219 0.03590650090704928 0.03247220606236937
15 0.4160070373269299 0.5685273977055983 0.0368660122500708 0.031927452527064894
15 0.41343154509721863 0.5925029948016559 0.03932446965704928 0.032844214522136816
15 0.40945941374542083 0.61403385742809 0.03982980206402775 0.0335484002544845
15 0.40717069003315554 0.6363552783246403 0.036360679843092436 0.03122326679471706
25 0.39305163697275014 0.385358692782752 0.038313804843092436 0.03143584305744144
25 0.3907799644174632 0.40702907201263566 0.03639478215704928 0.03252535012805039
25 0.3889795219551979 0.42929734884350496 0.037859625907049166 0.03268478232509361
25 0.3874232201179325 0.4515390536415338 0.03738839581402775 0.033282679926079105
16 0.3347159672544451 0.5027186692375518 0.0303137421163302 0.023424079673211178
16 0.33360841992592044 0.5171213020027401 0.029774307395394994 0.021417810607530008
16 0.3307833626439066 0.5320354598311454 0.031307355773308565 0.024181409471239885
16 0.3294487258473604 0.5458136229625076 0.030784972209351835 0.02282618207222553
16 0.3283923319897709 0.5582631307276958 0.03132440693028693 0.024832451137906553
16 0.3262655942688003 0.5743996557909128 0.031307355773308565 0.024181409471239885
16 0.32491390631527567 0.5888288605889416 0.031307355773308565 0.024181409471239885
14 0.3240985519314995 0.6106653284551155 0.03331163424424366 0.02634711073396412
14 0.32073405992855053 0.6275857553492018 0.032283918273308565 0.024287697602601927
14 0.3193567952395583 0.6429915226472306 0.03132440693028693 0.024832451137906553
14 0.31645500775114166 0.6608353679756358 0.031761534709351835 0.022932470203587723
5 0.18431602845178818 0.6495744080075498 0.0620318814072619 0.11906064028074119
27 0.15045408993381065 0.8642453054837178 0.052607279546829755 0.1310185923004532