25 0.07161458333333333 0.56982421875 0.14322916666666666 0.31591796875
23 0.3190104166666667 0.52880859375 0.30078125 0.427734375
23 0.6217447916666666 0.5400390625 0.2975260416666667 0.4326171875
22 0.8776041666666666 0.60498046875 0.244140625 0.32470703125
10 0.09765625 0.9091796875 0.19466145833333334 0.18115234375
10 0.287109375 0.908203125 0.19661458333333334 0.18359375
10 0.474609375 0.91162109375 0.18489583333333334 0.17626953125
10 0.6380208333333334 0.8876953125 0.16471354166666666 0.224609375
8 0.8365885416666666 0.9365234375 0.20833333333333334 0.126953125
8 0.7936197916666666 0.83935546875 0.1484375 0.0693359375
8 0.9329427083333334 0.8408203125 0.13346354166666666 0.07421875