10 0.5470933158021264 0.36346945519435586 0.3646163613692419 0.12174075632121129
10 0.5447892185143803 0.46922500453576454 0.3678715697025754 0.12188295204257349
10 0.5425230041341139 0.5737598507521733 0.3634961159918115 0.12754325303266656
10 0.54095329090949 0.6768582923628543 0.36342035017685187 0.12510184678266656
10 0.5304207981524441 0.7641635070065849 0.324826509545631 0.09659690766486406
8 0.520168366739756 0.8529477849724517 0.31227542426504645 0.11116484352941503
25 0.9284422189247395 0.18577282499242492 0.10619719050758114 0.06997995058359241
25 0.928909517438556 0.2652465042666509 0.11037674178342034 0.09990730255495472
25 0.9230931523885992 0.35813610624242487 0.1244875141682004 0.09369702622894871
25 0.9269366123686917 0.4443579976851494 0.12020297943538782 0.10228701471904156
24 0.13110749699241891 0.1618216643787166 0.26221499398483783 0.06192457875743318
24 0.1334992472062065 0.22762346865294264 0.266998494412413 0.12419224980588528
24 0.13163568032919545 0.3213592490808064 0.2632713606583909 0.11342162316161275
24 0.12986303243013578 0.41582745138367017 0.25972606486027155 0.11583459026734033
24 0.12834771613094592 0.5120188576336702 0.25669543226189184 0.11290490276734033
24 0.12413352589639003 0.6174307293451253 0.24826705179278005 0.11598160178607086
4 0.1311951278153136 0.7380456018698932 0.2623902556306272 0.13410007052724748
4 0.1278324864860745 0.841603885586302 0.255664972972149 0.11712879915170582
23 0.9295212711364865 0.6131562986664189 0.10980255461568304 0.14425557887213736
23 0.9298432537469177 0.749829982051326 0.10070312444534164 0.14434571210232305
22 0.9279932070069435 0.8619616267870072 0.09582652767187512 0.09195742263096074