25 0.5725393411704004 0.8322519345074237 0.31228233972135877 0.1710820868798073
23 0.636648536435136 0.6682609548157337 0.4069139138581521 0.2071805279422967
23 0.6542156231139105 0.534424022538222 0.3912234429174335 0.19614131081597813
22 0.6281246459452132 0.411675963982326 0.27884591389600927 0.14743637702373702
22 0.6349739755286786 0.3101151370569283 0.26911440854398005 0.1474124990065726
22 0.6499046097630757 0.22673508724354563 0.26784921321384036 0.1385892925554283
10 0.1603460512280849 0.804796510408659 0.2147847151550241 0.09396802081731792
10 0.16871508932385923 0.7203425992088333 0.2484461367400547 0.1672476984176665
10 0.17776053397595393 0.6084373731885849 0.28195910692701415 0.16414037137716986
10 0.18594745071833482 0.502811515516048 0.3129361497432483 0.16187303103209588
10 0.19854549129221966 0.42782273979751595 0.3339483863821036 0.13767744432214601
8 0.19117703150815335 0.3177323898980881 0.2969302969051246 0.17416888205234426
8 0.20808061892175855 0.22545571276428264 0.2901211084723898 0.14170331189433422
8 0.224876310681006 0.15020059147818857 0.2955369280487703 0.13566295120463284