18 0.5954419228689247 0.11247015983048743 0.03189329741294733 0.06231864278325732
18 0.5963657761478478 0.17045074594204043 0.0333240388489906 0.06103928611685577
18 0.5965572075517709 0.22841996872012757 0.034771831442012235 0.06041097111712094
18 0.5994597625661615 0.2854542945542563 0.0338123200989906 0.06104686167249973
7 0.5414527527790649 0.01035441620912428 0.04111793194187019 0.004542596674090568
7 0.5413729214214753 0.022727995653612915 0.04225415715704939 0.029289755563067833
7 0.5429051919243181 0.04815271065401062 0.04131169697100612 0.0305766877851133
7 0.5424843374271607 0.0735471234318326 0.04277654072100612 0.030599414452045098
19 0.5488032950923128 0.28922751621177567 0.042220054843092436 0.027987672229734528
19 0.549376054252134 0.31398603843421885 0.04274243840704939 0.029297331118711762
19 0.549460532161955 0.3387369851010181 0.04272538725007102 0.02864628945204502
19 0.5505386237287545 0.3628520412124385 0.0427253872500708 0.02864628945204502
17 0.4360746829912593 0.014581258967856217 0.028053696290719077 0.008895348338370978
17 0.4361878387877347 0.028911751190166816 0.031477867343092436 0.027821010005567925
28 0.39720824024922036 0.3142304195177997 0.025516185401222136 0.02382385333784069
29 0.3966796543828902 0.33441271118446636 0.021053449523308565 0.021151506670378573
30 0.39588987673458165 0.3552422567399777 0.007869855773308565 0.020946966667992378
30 0.3895251693276033 0.3557948161832732 0.008392239337265295 0.022256625556969684
30 0.4031458908566681 0.35796005674130343 0.0077845999884166295 0.017691758334659042
31 0.33069041090108037 0.03769588561556542 0.04008556941870356 0.039668544451514826
9 0.3350732843741141 0.35527566256230775 0.031205048831438154 0.017404343338901285
9 0.33465553102814344 0.3712261833956411 0.032703994895394994 0.018729153339166398
9 0.3354414296501944 0.387846684784751 0.033226378459351835 0.02003881222814356
20 0.2666914648371236 0.03800557115954323 0.06187066294194121 0.03284798612215858
20 0.2669433531655419 0.06568999310416443 0.06193886756985478 0.03545215278882524
20 0.26860893177302503 0.09535026671571745 0.06143353516287642 0.03479353556651463
20 0.26848879579910545 0.12791371338251667 0.0640966064535955 0.043294955011401015
21 0.2680787901565531 0.17154486838264926 0.05869141038963874 0.04190954056598437
21 0.2690770503657632 0.20803350393855835 0.058657308075681924 0.04060745723265106
21 0.27010941288893 0.24322005616113404 0.060644535389638765 0.041939842788560146
21 0.2708805836301184 0.2790538622725545 0.060678637703595495 0.043241926121893405
21 0.27137351143235 0.31618596393948634 0.0602415099245307 0.0451874755662495
25 0.6731251071412411 0.4849199342907519 0.03829675368611407 0.027276026117916352
25 0.6737490197719973 0.507725331513195 0.03822854905820039 0.024671859451249684
25 0.6738846511527536 0.5305231531799942 0.037303140029135706 0.026609833339961735
25 0.6745341405189775 0.5523519879024374 0.03927331618611429 0.027291177229204155
23 0.6829814020043388 0.5935153362374942 0.053218009697768354 0.03791995945390111
23 0.6843261097804192 0.6261015095712252 0.051753165947768576 0.037897232786969326
22 0.6786333673239455 0.6569502331814526 0.03887029072100612 0.030538810006893662
22 0.6793479601668962 0.6856187931817178 0.03747365159891958 0.0331202500066284
22 0.6805849365738037 0.7129928454042934 0.03986390437798448 0.03120500278484813
27 0.6774343515590587 0.7959855067930056 0.03713573995963526 0.13203313000609818
27 0.6819048247912938 0.9237108823499751 0.037538765424743215 0.12878549722840896
12 0.6045153995629645 0.4001626245557146 0.040232827529135706 0.02665528667382544
13 0.6049005959960233 0.43208260511149116 0.03923921387215734 0.02598909389587097
13 0.6059957387198012 0.4555466195562448 0.0412605435000708 0.028623562785113243
13 0.606114318943579 0.4789954828897107 0.03972749512215734 0.025996669451514798
10 0.6110436280131858 0.5425743153909038 0.0480964810000708 0.02872962056412831
10 0.6121302451584745 0.5663638506689911 0.04861886456402775 0.030039279453105767
10 0.6134354261932955 0.5911337362249001 0.04909009465704939 0.029395813342082928
10 0.6135199041031166 0.6158846828916993 0.04708581618611407 0.027412386119507175
10 0.6131672542338729 0.6386749290028546 0.04806237868611407 0.027427537230795124
8 0.6124852079547372 0.6647165956695212 0.04375310322100612 0.030614565563332974
8 0.6140515807715367 0.6888392273365856 0.04220300368611407 0.02733663056306786
8 0.6134718414342714 0.7109746440032523 0.043650796279135706 0.026708315563332974
1 0.61480259920456 0.7347679670591614 0.04366784743611407 0.02735935722999964
1 0.6141972831318271 0.757879946225828 0.043162515029135706 0.02670074000768885
1 0.6153350537480509 0.7797163565039152 0.04314546387215712 0.026049698341022182
2 0.6179857204340233 0.8090662603934228 0.0507425011338114 0.03657999834234804
2 0.6204007720734848 0.8380868556717749 0.05064019419194121 0.03267374834234834
26 0.5509842667372118 0.4670679489907908 0.03920511155820039 0.024687010562537637
24 0.5507563993941192 0.49441927454643464 0.03728608887215734 0.025958791673295067
24 0.5506649413068538 0.5165622667687453 0.03725198655820039 0.024656708339961735
24 0.5512888539376102 0.5393676639911885 0.03634362868611407 0.027245723895340596
24 0.5519212921468556 0.5618475403802984 0.03728608887215734 0.025958791673295067
24 0.5525452047776118 0.5846529376027415 0.03826265137215712 0.02597394278458302
24 0.5531691174083682 0.6074583348251846 0.037791421279135706 0.02661740889560571
4 0.553849607937362 0.6374289781587831 0.03982980206402775 0.029902919451514798
4 0.5551206866582263 0.6635009470480255 0.03881913725007102 0.028585685006893662
4 0.5562073038035151 0.6872904823261127 0.03929036734309266 0.02794221889587097
4 0.5562747305563578 0.7126924706595785 0.03979569975007102 0.028600836118181466
4 0.5570916303411788 0.7374547806598436 0.03981275090704939 0.02925187778484813
11 0.5591377588294891 0.7619105087158854 0.04265718262215734 0.026042122785378652
11 0.5601817480823319 0.7873276481606392 0.04375310322100612 0.030614565563332974
11 0.5609986478671529 0.8120899581609042 0.043684898593092436 0.028010398896666306
11 0.5620937905909308 0.8355539726056579 0.04317956618611407 0.027351781674355518
15 0.4975290862427908 0.5590497409259995 0.038347907157049166 0.029229151117916352
15 0.4981700500305255 0.5812040964817761 0.037303140029135706 0.02660983333996188
15 0.4972779654403465 0.6059398920372874 0.03927331618611407 0.027291177229204305
15 0.49785072460016766 0.6306984142597306 0.03826265137215734 0.02597394278458302
15 0.4989629184809239 0.6535113870378176 0.038767983779135706 0.026632560006893662
15 0.49959535669016936 0.6759912634269275 0.03930741850007091 0.028593260562537637
25 0.4493520167082532 0.42152798202774244 0.0372519865582005 0.024656708339961735
25 0.44999298049598785 0.4436823375835189 0.037791421279135706 0.02661740889560571
25 0.4511136999552333 0.46616978952827265 0.03923921387215734 0.02598909389587097
25 0.4517205614290112 0.4896262284173825 0.03885323956402764 0.029887768340226845
16 0.4052726078794451 0.5471975064648071 0.02926897498841663 0.018025082782992197
16 0.40611818555092044 0.5615393620205836 0.029217821517481424 0.016071957782992197
16 0.4055159706293742 0.5752074492427616 0.030750869895394994 0.01869885111659079
16 0.4053849858008496 0.5895341536872504 0.030228486331438154 0.017389192227613332
16 0.40619646115836816 0.6051780925763601 0.03076792105237336 0.01934989278325731
16 0.40676379589088674 0.620818243687648 0.030750869895394994 0.018698851116590642
16 0.4071040411553837 0.6358035653544473 0.030750869895394994 0.018698851116590642
14 0.4077450049431184 0.6579579209102238 0.032738097209351835 0.02003123667249973
14 0.40805114789365854 0.6742453259103564 0.032283918273308565 0.021325744450189237
14 0.40857585473373115 0.6915130811883108 0.032738097209351724 0.02003123667249973
14 0.4088990488412497 0.7071494445217766 0.034237043273308565 0.021356046672764844
5 0.2725236452569334 0.7105697186637854 0.059016938122369966 0.11024618889905262
27 0.2700845415848556 0.932777642524658 0.0475260554654624 0.13444471495068408