25 0.33649803669170314 0.779494076653056 0.29615981923680107 0.14530589885649636
23 0.3282539827203563 0.6036512956873132 0.3888521129711339 0.17339213166737766
23 0.35396663496307884 0.46681816222221784 0.3745737829119184 0.1631489233082457
22 0.4174227474520078 0.3498607392488876 0.2656197113654093 0.12426297469407044
22 0.4429507706109958 0.2473832077146305 0.25591473187133085 0.1248984062232617
22 0.4557593929222783 0.16142831459534385 0.25601996398470356 0.1161320857879823
10 0.7715311716866754 0.840547827559304 0.28962795853972434 0.07150720391233478
10 0.7850211584175852 0.7540819111252968 0.30068678815050703 0.14497681205954072
10 0.7983319011967005 0.6391197677604512 0.3081354151149777 0.13939034183618748
10 0.8122553334402864 0.5299828862985249 0.3136915625853698 0.1347122079186729
10 0.8138820883336377 0.4514833153721277 0.31856455059215466 0.1085724410658786
8 0.8497893234790865 0.3440146099597017 0.262639202852703 0.1494944052410263
8 0.8596236716829176 0.24841917319637813 0.2527950784043309 0.11650665671437943
8 0.8638091091134945 0.1705610558860987 0.2536423204432528 0.10922792209382058