10 0.057291666666666664 0.408203125 0.11393229166666667 0.2998046875
10 0.171875 0.42041015625 0.12565104166666666 0.26513671875
8 0.26953125 0.42041015625 0.138671875 0.267578125
8 0.4147135416666667 0.42041015625 0.15169270833333334 0.267578125
8 0.5657552083333334 0.42431640625 0.14518229166666666 0.2626953125
1 0.7161458333333334 0.42138671875 0.1484375 0.27001953125
1 0.8802083333333334 0.41748046875 0.16341145833333334 0.26904296875
4 0.08268229166666667 0.77490234375 0.16471354166666666 0.2578125
4 0.23893229166666666 0.77734375 0.15364583333333334 0.2626953125
4 0.3977864583333333 0.78515625 0.16666666666666666 0.2626953125
4 0.5553385416666666 0.78076171875 0.16471354166666666 0.26123046875
4 0.7194010416666666 0.783203125 0.16471354166666666 0.263671875
11 0.8619791666666666 0.740234375 0.126953125 0.2529296875
11 0.9778645833333334 0.765625 0.044270833333333336 0.263671875
27 0.8619791666666666 0.0546875 0.275390625 0.10888671875
23 0.080078125 0.0615234375 0.15950520833333334 0.12255859375
22 0.24348958333333334 0.0576171875 0.17643229166666666 0.11279296875
22 0.4225260416666667 0.0556640625 0.1796875 0.111328125
22 0.591796875 0.0556640625 0.17513020833333334 0.111328125