6 0.17987765174275583 0.3021573063031146 0.011120798674866927 0.02319829798028783
6 0.18533345392071265 0.30415031621444916 0.011609079924866927 0.02325144204596885
0 0.20304113772736554 0.30804336078425004 0.012137219224127693 0.02395562777831654
0 0.20949343142995275 0.30960456173088907 0.012625500474127693 0.024008771843997634
0 0.21592579610790957 0.3114912835108615 0.011648937974127693 0.02390248371263552
0 0.2209531041097576 0.31256087498787705 0.010184094224127693 0.023743051515592306
18 0.2821480149016855 0.4300675617268481 0.03328276051230039 0.036604345203587574
18 0.30789740263814325 0.43728892801340447 0.03381089981156116 0.03730853093593526
18 0.33319836717386175 0.4439123966989751 0.03283433731156116 0.03720224280457322
18 0.35819540401068906 0.4515389999173863 0.033362476610822034 0.03790642853692091
7 0.24172514743183038 0.3733536621709838 0.019282036459343566 0.03766733396550374
7 0.2525121853105264 0.3754131290264933 0.019282036459343566 0.03766733396550374
7 0.26297536646570085 0.3788012512481767 0.02082659630786521 0.039128849495880136
7 0.2744350391455057 0.38175756450516474 0.01981017575860433 0.03837151969785128
19 0.3701233080365317 0.4072349918361129 0.020378173107125974 0.03972674709686578
19 0.3810548414170758 0.4108954908254486 0.019969607955647506 0.04097568636451795
19 0.3915578806215111 0.4136325713804654 0.021474309754908383 0.04178616022822782
19 0.4027933417009463 0.41628993583696056 0.02151416780416915 0.04243720189489449
17 0.2635032640062981 0.28303166930400164 0.016362333618214153 0.029589113637098336
17 0.27475865411036376 0.2853635129271635 0.018395174716735685 0.031103773233155902
28 0.4096936959662774 0.27585094006684424 0.01559504602338857 0.02497867790475065
29 0.41937960486775583 0.27609014208655647 0.012914491477823753 0.020806707576345396
30 0.42996236017071265 0.27752513930823985 0.011340058238911821 0.010934794444983206
30 0.43105350448905977 0.27158604820971827 0.011379916288172698 0.011585836111649947
30 0.42950399260421357 0.28501211847490654 0.00881893589039029 0.009366990783244619
32 0.2713005855524394 0.19132116684177025 0.03949087329677714 0.05086080492607925
31 0.29307395155613547 0.1921848922194561 0.03372119905416915 0.04376580353692091
9 0.4413870059582496 0.22163524139116908 0.01550534526599645 0.0314359505057363
9 0.44883579118546724 0.22276463337311272 0.015585061364517983 0.032738033839069626
9 0.4567130705887937 0.2248174437893753 0.014488924716735685 0.030678620707707438
20 0.28127532428517155 0.13138550232124988 0.027273857387906553 0.057291559218371736
20 0.2949521916146068 0.13377714644933977 0.02682543418716732 0.057889456819357386
20 0.30785677901978126 0.1368995483426179 0.02633715293716743 0.057836312753676324
20 0.3207613664249557 0.14002195023589606 0.026297294887906553 0.05718527108700966
20 0.33447809180365173 0.14176255269731927 0.02780199668716732 0.0579957449507195
20 0.34957994483382615 0.14464580629503265 0.029874695834949616 0.060161446213443735
21 0.3690763291140006 0.14705076330161654 0.029715263637906553 0.05755727954677703
21 0.3858273794452839 0.15072457516944623 0.030283260986428084 0.05891250694579142
21 0.40211007755119754 0.15412601026962366 0.030283260986428084 0.05891250694579142
21 0.41792442343174163 0.1572550686021488 0.03032311903568896 0.05956354861245813
21 0.43638445813802484 0.16074287624009478 0.033701229736428084 0.059284515405558826
25 0.43676906897009177 0.5386992432212302 0.01863432301230039 0.035010023233155906
25 0.447272108174527 0.5414363237762471 0.01924217841008269 0.03701629229883707
25 0.45775521835433186 0.5444989251645971 0.019162462311561157 0.03571420896550359
25 0.46825825755876715 0.5472360057196138 0.019202320360822034 0.03636525063217041
25 0.44944392863502375 0.33166799322123025 0.0192421784100828 0.03701629229883693
25 0.460435249089459 0.3343519297105659 0.01981017575860433 0.03837151969785132
25 0.47122228696815505 0.3364113965660755 0.019810175758604442 0.03837151969785143
25 0.48339445249832946 0.3396135145578752 0.021803158807865097 0.039235137627242324
23 0.4859559969996601 0.559213927057067 0.027931555493820204 0.05218951401640052
23 0.5019148383820522 0.5639440175234183 0.027443274243820204 0.0521363699507195
22 0.5180081906074218 0.5625157841892768 0.022819579357125974 0.03999246742527104
22 0.5313811302379658 0.5659105628502071 0.023307860607125974 0.040045611490952204
22 0.5454267046696186 0.570202187912616 0.02229144005786532 0.039288281692923345
27 0.5897158432108813 0.579609278503785 0.07074087329677692 0.054262025129666824
27 0.6524102217139711 0.5973604172000594 0.07435813229308108 0.057889241922767454
12 0.4109995910365613 0.4684264669601224 0.022331298107125974 0.039939323359589864
13 0.425329164142475 0.47204047832302404 0.019889891857125974 0.03967360303118476
13 0.43579234529764943 0.4754286005447074 0.01985003380786521 0.03902256136451795
13 0.4457871742274543 0.4785443459987386 0.019850033807865097 0.03902256136451795
10 0.47614036811908644 0.489791563295151 0.023297875948255387 0.04780496742527104
10 0.48756018274963053 0.4933989182188056 0.02276973664899473 0.0471007816929232
10 0.4990198554294354 0.4963552314757936 0.023297875948255387 0.04780496742527104
10 0.5112119499842402 0.49923182863426 0.023297875948255387 0.04780496742527104
10 0.5236681141886754 0.5017563329265525 0.02374629914899451 0.04720706982428554
8 0.5356957842170019 0.5033574187845261 0.019969607955647506 0.04097568636451795
8 0.546871458222546 0.5069913457410213 0.021474309754908383 0.04178616022822782
8 0.5586151295766115 0.5092700452985021 0.02110560265269079 0.0436861411625468
1 0.5699950861578948 0.5135284418888234 0.021065744603429915 0.04303509949588028
1 0.5807024079380694 0.5168899920776663 0.020497747254908383 0.04167987209686578
1 0.5927300779663958 0.5184910779356399 0.020049324054169038 0.04227776969785128
2 0.6072689259774838 0.5266092368995271 0.025858856346037795 0.05002381275367629
2 0.6210902888087672 0.5306019131614432 0.025858856346037795 0.05002381275367629
26 0.45178593152053526 0.42809527327131897 0.019850033807865097 0.03902256136451795
24 0.46548272787460093 0.43016139656607555 0.019770317709343566 0.03772047803118461
24 0.47598576707903617 0.4328984771210922 0.019282036459343566 0.03766733396550374
24 0.4867329469084714 0.4356089856432685 0.019770317709343566 0.03772047803118476
24 0.4972359861129067 0.4383460661982852 0.0192421784100828 0.03701629229883707
24 0.5089397994177115 0.4412758074224327 0.020298457008604442 0.03842466376353245
24 0.5201154734232556 0.4449097343789279 0.020298457008604442 0.03842466376353245
4 0.53472904520343 0.4478461320423223 0.021803158807865097 0.039235137627242324
4 0.5466769991332349 0.4507493012336292 0.022411014205647506 0.041241406692923345
4 0.5585651659891485 0.4546290329249361 0.022450872254908383 0.041892448359589864
4 0.5714697533943229 0.45775143481821434 0.02188287490638663 0.04053722096057566
4 0.5838860595494975 0.4609269807771736 0.02188287490638663 0.04053722096057566
11 0.5975679192083679 0.4671983028724229 0.021554025853429915 0.04308824356156116
11 0.608987733838912 0.4708056577960775 0.02208216515269079 0.043792429293908995
11 0.6209356877687169 0.4737088269873844 0.023626725001212323 0.04525394482428539
11 0.6333918519731521 0.476233331279677 0.023586866951951446 0.04460290315761887
15 0.5075694875820964 0.3883952593797361 0.019810175758604276 0.03837151969785128
15 0.5188049486615318 0.39105262383623124 0.02029845700860422 0.03842466376353245
15 0.529796269115967 0.3937365603255669 0.02041803115638663 0.04037778876353245
15 0.5415399404700326 0.39601525988304775 0.020746880209343566 0.03782676616254695
15 0.5529597551005767 0.39962261480670236 0.02041803115638663 0.04037778876353245
15 0.5651717786800119 0.4021736911318354 0.02180315880786532 0.039235137627242324
16 0.5208276036356299 0.3025574447959986 0.013920927368213931 0.029323393308693085
16 0.527563896012478 0.3034410320431305 0.013432646118213931 0.029270249243012064
16 0.5347087535408044 0.3055735585579147 0.013432646118213931 0.029270249243012064
16 0.5419333271676523 0.3064040017393655 0.013920927368213931 0.029323393308693085
16 0.5493223253209788 0.3085099562213091 0.014449066667474808 0.03002757904104077
16 0.5567312524989356 0.3102903898699194 0.013920927368214153 0.029323393308693085
16 0.564608531902262 0.31234320028618195 0.015465487216735685 0.03078490883906963
14 0.5746432188813277 0.3148079040735465 0.015545203315257439 0.03208699217240296
14 0.5829888505100238 0.3171330912574613 0.015585061364518094 0.03273803383906956
14 0.5909259169872414 0.31820933917372385 0.015545203315257217 0.032086992172402885
14 0.5997996879151981 0.319830340625291 0.015585061364518094 0.032738033839069626
5 0.6328829164225311 0.1914158075432094 0.06550924242607925 0.07180031894247978
27 0.7525268399539474 0.20587877805480023 0.07706856022903597 0.0704716098521585