18 0.23486328125 0.474609375 0.033203125 0.029296875
18 0.26904296875 0.4739583333333333 0.03271484375 0.030598958333333332
18 0.30126953125 0.474609375 0.0322265625 0.029296875
18 0.333984375 0.4739583333333333 0.033203125 0.029296875
7 0.17333984375 0.5266927083333334 0.01513671875 0.040364583333333336
7 0.1875 0.5260416666666666 0.01513671875 0.040364583333333336
7 0.201171875 0.5260416666666666 0.01513671875 0.041666666666666664
7 0.2158203125 0.5260416666666666 0.015625 0.041666666666666664
19 0.33740234375 0.5221354166666666 0.013671875 0.041015625
19 0.3515625 0.5221354166666666 0.01416015625 0.039713541666666664
19 0.3642578125 0.521484375 0.013671875 0.040364583333333336
19 0.37841796875 0.521484375 0.0146484375 0.040364583333333336
17 0.17626953125 0.626953125 0.01318359375 0.030598958333333332
17 0.189453125 0.6276041666666666 0.01416015625 0.029947916666666668
28 0.34716796875 0.666015625 0.01171875 0.022135416666666668
29 0.359375 0.66796875 0.01025390625 0.018880208333333332
30 0.37109375 0.6692708333333334 0.01025390625 0.005859375
30 0.37109375 0.67578125 0.01025390625 0.006510416666666667
30 0.37158203125 0.6588541666666666 0.00927734375 0.006510416666666667
30 0.3740234375 0.65234375 0.01025390625 0.005859375
32 0.16162109375 0.7239583333333334 0.03564453125 0.046875
31 0.189453125 0.7291666666666666 0.03271484375 0.03515625
31 0.1904296875 0.708984375 0.02978515625 0.005208333333333333
9 0.369140625 0.7265625 0.00830078125 0.029947916666666668
9 0.37744140625 0.7259114583333334 0.00927734375 0.030598958333333332
9 0.38720703125 0.7265625 0.00830078125 0.030598958333333332
20 0.15869140625 0.7903645833333334 0.01904296875 0.057291666666666664
20 0.17626953125 0.7897135416666666 0.0185546875 0.055989583333333336
20 0.193359375 0.7884114583333334 0.01708984375 0.056640625
20 0.2099609375 0.7884114583333334 0.01708984375 0.055989583333333336
20 0.22607421875 0.7877604166666666 0.01708984375 0.055989583333333336
20 0.2431640625 0.787109375 0.01806640625 0.057291666666666664
21 0.26806640625 0.7877604166666666 0.02001953125 0.0546875
21 0.28759765625 0.787109375 0.01904296875 0.053385416666666664
21 0.30712890625 0.7858072916666666 0.01953125 0.0546875
21 0.32666015625 0.78515625 0.01953125 0.053385416666666664
21 0.34716796875 0.7845052083333334 0.0205078125 0.053385416666666664
25 0.44873046875 0.4055989583333333 0.01318359375 0.035807291666666664
25 0.46142578125 0.4049479166666667 0.01220703125 0.03515625
25 0.4736328125 0.4055989583333333 0.01220703125 0.03515625
25 0.486328125 0.4049479166666667 0.01220703125 0.03515625
25 0.408203125 0.6184895833333334 0.01220703125 0.035807291666666664
25 0.42041015625 0.6178385416666666 0.01171875 0.035807291666666664
25 0.4326171875 0.6171875 0.01171875 0.03515625
25 0.44580078125 0.6178385416666666 0.01318359375 0.036458333333333336
23 0.50732421875 0.3984375 0.0185546875 0.048828125
23 0.5263671875 0.3977864583333333 0.017578125 0.047526041666666664
22 0.54296875 0.4036458333333333 0.01513671875 0.035807291666666664
22 0.55859375 0.4036458333333333 0.01611328125 0.03515625
22 0.57373046875 0.4029947916666667 0.01416015625 0.034505208333333336
27 0.61962890625 0.4069010416666667 0.06689453125 0.027994791666666668
27 0.685546875 0.4055989583333333 0.0654296875 0.026692708333333332
12 0.40087890625 0.4700520833333333 0.01416015625 0.038411458333333336
13 0.41845703125 0.4694010416666667 0.013671875 0.0390625
13 0.43115234375 0.4694010416666667 0.0126953125 0.039713541666666664
13 0.44384765625 0.46875 0.01318359375 0.039713541666666664
10 0.478515625 0.4661458333333333 0.01416015625 0.046875
10 0.49267578125 0.4654947916666667 0.01416015625 0.046223958333333336
10 0.505859375 0.4654947916666667 0.0126953125 0.047526041666666664
10 0.5185546875 0.46484375 0.013671875 0.046223958333333336
10 0.53173828125 0.4641927083333333 0.01220703125 0.046875
8 0.544921875 0.466796875 0.01220703125 0.042317708333333336
8 0.55810546875 0.466796875 0.01318359375 0.040364583333333336
8 0.56982421875 0.466796875 0.01171875 0.041015625
1 0.58251953125 0.4661458333333333 0.01220703125 0.041666666666666664
1 0.595703125 0.4661458333333333 0.0126953125 0.041666666666666664
1 0.609375 0.4661458333333333 0.01318359375 0.041015625
2 0.623046875 0.4635416666666667 0.0146484375 0.046875
2 0.63720703125 0.4622395833333333 0.013671875 0.046875
26 0.4384765625 0.5221354166666666 0.01220703125 0.037760416666666664
24 0.451171875 0.5221354166666666 0.01318359375 0.036458333333333336
24 0.46337890625 0.5221354166666666 0.01220703125 0.035807291666666664
24 0.47509765625 0.5221354166666666 0.01123046875 0.035807291666666664
24 0.48681640625 0.5221354166666666 0.0126953125 0.03515625
24 0.49951171875 0.521484375 0.01220703125 0.035807291666666664
24 0.5126953125 0.5221354166666666 0.01318359375 0.035807291666666664
4 0.5283203125 0.5208333333333334 0.01318359375 0.03515625
4 0.5419921875 0.5208333333333334 0.013671875 0.037760416666666664
4 0.5556640625 0.5208333333333334 0.0126953125 0.037760416666666664
4 0.56884765625 0.5208333333333334 0.01318359375 0.037760416666666664
4 0.58203125 0.5201822916666666 0.013671875 0.038411458333333336
11 0.595703125 0.5149739583333334 0.0126953125 0.039713541666666664
11 0.60888671875 0.5162760416666666 0.01220703125 0.038411458333333336
11 0.62158203125 0.5162760416666666 0.0126953125 0.0390625
11 0.63427734375 0.5169270833333334 0.01220703125 0.0390625
15 0.484375 0.57421875 0.01171875 0.036458333333333336
15 0.49755859375 0.57421875 0.0126953125 0.036458333333333336
15 0.5107421875 0.57421875 0.01318359375 0.036458333333333336
15 0.52294921875 0.57421875 0.013671875 0.038411458333333336
15 0.53564453125 0.5729166666666666 0.01220703125 0.037109375
15 0.54736328125 0.5729166666666666 0.01171875 0.037760416666666664
16 0.474609375 0.6608072916666666 0.00732421875 0.027994791666666668
16 0.48193359375 0.6608072916666666 0.0078125 0.027994791666666668
16 0.48974609375 0.6614583333333334 0.0078125 0.027994791666666668
16 0.498046875 0.6608072916666666 0.00830078125 0.02734375
16 0.50634765625 0.6608072916666666 0.0078125 0.027994791666666668
16 0.51513671875 0.6608072916666666 0.00830078125 0.026692708333333332
16 0.52392578125 0.66015625 0.00830078125 0.027994791666666668
14 0.533203125 0.66015625 0.0087890625 0.028645833333333332
14 0.54248046875 0.66015625 0.00830078125 0.027994791666666668
14 0.55126953125 0.66015625 0.0078125 0.027994791666666668
14 0.560546875 0.6595052083333334 0.00927734375 0.028645833333333332
5 0.56005859375 0.7786458333333334 0.0537109375 0.048177083333333336
27 0.66943359375 0.7845052083333334 0.064453125 0.033854166666666664