25 0.4264322916666667 0.34326171875 0.08919270833333333 0.13623046875
25 0.5169270833333334 0.33349609375 0.083984375 0.138671875
25 0.6028645833333334 0.3232421875 0.09700520833333333 0.14990234375
25 0.7024739583333334 0.31103515625 0.10546875 0.15625
12 0.09700520833333333 0.615234375 0.107421875 0.15625
13 0.19075520833333334 0.6142578125 0.09375 0.1572265625
13 0.2688802083333333 0.61181640625 0.08723958333333333 0.162109375
13 0.3561197916666667 0.61328125 0.10416666666666667 0.16943359375
10 0.6341145833333334 0.5947265625 0.12044270833333333 0.22412109375
10 0.7591145833333334 0.5947265625 0.13541666666666666 0.2392578125
10 0.8912760416666666 0.5908203125 0.16471354166666666 0.25634765625
26 0.2819010416666667 0.87109375 0.13671875 0.20166015625
24 0.3919270833333333 0.8876953125 0.09895833333333333 0.21044921875
24 0.494140625 0.892578125 0.10546875 0.21484375
24 0.6028645833333334 0.8935546875 0.11393229166666667 0.21240234375
24 0.7252604166666666 0.8994140625 0.12369791666666667 0.201171875
24 0.8541666666666666 0.90380859375 0.13346354166666666 0.1923828125
24 0.9596354166666666 0.90966796875 0.080078125 0.18017578125
23 0.900390625 0.24853515625 0.19661458333333334 0.21923828125