18 0.8042466973130806 0.5758875722812026 0.046418339336240955 0.043277914415480755
18 0.7608194964963075 0.5815409965682002 0.045467345779006685 0.04515520169742082
18 0.7173795112081516 0.586217858355198 0.04500463347177286 0.04707040783839093
18 0.6744746835650663 0.5944375304498325 0.04547586875992882 0.045806243364087486
7 0.8897051202284357 0.49528270506623695 0.02220882837836835 0.05700697146398396
7 0.8706706744593578 0.4974125822350712 0.02171202414744644 0.0563180109382874
7 0.8518974152771237 0.5008255833077238 0.022671540685602398 0.05509176532301385
7 0.8328587080175847 0.5026299396432247 0.02220882837836835 0.05700697146398396
19 0.6711468872991804 0.5269187914116488 0.020255703378368572 0.0568552960278641
19 0.6526092457610243 0.5296617913881198 0.021240788859290483 0.0575821754125907
19 0.6340630812419463 0.531753749697924 0.020752507609290483 0.05754425655356066
19 0.6160222439347123 0.5351098724820317 0.020752507609290483 0.05754425655356066
17 0.8824973240897488 0.3554003333488997 0.020034105874396912 0.039928212694530764
17 0.8649277220706708 0.3574164539406441 0.020547956067162865 0.04191925655356066
28 0.6506867590788272 0.3268054339329081 0.018012797027020966 0.03456820392507772
29 0.6355457788383662 0.32765539772950286 0.015486160967801199 0.027868192963261373
30 0.6199122558574441 0.32821775955179416 0.01575284471382976 0.010979028488958006
30 0.6193131758554584 0.31979213674415746 0.01673793019475167 0.011705907873684529
30 0.6178428349462739 0.338154019417429 0.013302915482907629 0.010138392527141623
32 0.908668609728686 0.20771218645467826 0.03684021991652431 0.056842453901548705
31 0.8647914810760619 0.21633321710070588 0.04462715097375858 0.055496030646027705
9 0.6190952853576575 0.24714411262227923 0.012743979048084775 0.04196359647574847
9 0.6073722738671965 0.24772864440566442 0.013737587509928817 0.04334151752714158
9 0.5946982688195015 0.25034213890710943 0.014722672990850727 0.04406839691186818
20 0.9036671566802115 0.12435668316025106 0.02742403713432573 0.08277678505428328
20 0.8807477683634384 0.12841751536799142 0.02791231838432573 0.0828147039133132
20 0.8573315758157433 0.1318652247680951 0.02693575588432573 0.08273886619525332
20 0.8353674425466653 0.13422261509110892 0.02595919338432573 0.08266302847719349
20 0.8131889990858141 0.13887761067697105 0.02546238915340382 0.08197406795149687
20 0.7887791980762752 0.14109907446180125 0.03136437905801359 0.08568430259318942
21 0.7560686158167362 0.14396515885014036 0.030782345017871915 0.07848492540082615
21 0.7287504347595021 0.14804173995581685 0.029814305498793825 0.07906012934943296
21 0.702408816202268 0.15204248334343345 0.030816436941559777 0.08108909206749282
21 0.675578916395034 0.15608114559008 0.03179299944155978 0.08116492978555272
21 0.6477639311068779 0.15954460388811975 0.033249320210637645 0.08062764469597587
25 0.5259061863293564 0.7079666410053566 0.020187519530992404 0.051646962694530764
25 0.5088291270507395 0.7102703635714042 0.01823439453099246 0.0514952872584112
25 0.49174780628166137 0.7122485653041187 0.019682192319148584 0.05030696050216754
25 0.47515902825304435 0.7145143690111366 0.020204565492836446 0.0529490460278641
23 0.444554984650101 0.728947527963356 0.027758904727730016 0.07109595391331307
23 0.420170752583328 0.7331221167481861 0.027733335784964064 0.06914282891331307
22 0.3968879019086472 0.7280873250521082 0.022628925780992626 0.05183655698968052
22 0.3754248343609521 0.731383359016092 0.024556481838226674 0.05003510742580038
22 0.35494259080371804 0.7349290760953494 0.023134252992836446 0.053176559182043746
27 0.2926526395050301 0.7371595639549997 0.09918680625992882 0.049977317857380577
27 0.1968076496510939 0.7524231197543824 0.09627416472177275 0.051051888036534265
12 0.5884081031825131 0.6099192715686164 0.019733330204680488 0.05421321050216754
13 0.5644951064038961 0.6127538581610833 0.019228002992836446 0.05287320830980432
13 0.5471824294812011 0.6157275818233127 0.02072693866652431 0.0555911315535608
13 0.529612827462123 0.6177437024150572 0.019236525973758578 0.05352424997647098
10 0.4821076813581868 0.629253291170476 0.02084626039943216 0.06470571488689399
10 0.4640668440509528 0.6326094139545836 0.02183134588035407 0.06543259427162074
10 0.44553772549371873 0.6360034555977213 0.0213515876112762 0.06604571707925722
10 0.4269915609746407 0.6380954139075256 0.020340933187588228 0.06336571269453077
10 0.4099017172246407 0.6394225739735733 0.01986969789943216 0.06462987716883421
8 0.39036194424371873 0.6402882866681042 0.022225874340212393 0.058309054797317295
8 0.3723296299174066 0.6442954511188784 0.01976742212836835 0.056817377168834206
8 0.3557280674174066 0.6455846923258964 0.019304709821134303 0.05873258330980432
1 0.3376829686197116 0.6486152942766706 0.019792991071134303 0.058770502168834206
1 0.3205931248697116 0.6499424543427185 0.019296186840212393 0.05808154164313765
1 0.30401713131247754 0.6531848205497363 0.018807905590212393 0.05804362278410776
2 0.28233975357300944 0.6587784597765686 0.02673972732312002 0.06776490786191995
2 0.2604139737180803 0.6640655375995824 0.023810039823120133 0.0675373947077403
26 0.5379270743679392 0.543455535760155 0.018251440492836668 0.05279737059174453
24 0.5174192618679392 0.5450481278394124 0.019193911069148584 0.05026904164313765
24 0.5008262223488611 0.5469884107130968 0.018217348569148584 0.05019320392507787
24 0.48375342456070514 0.549617654112478 0.02015342760730454 0.0490427960278641
24 0.46667636528208806 0.5519213766785258 0.019193911069148584 0.05026904164313765
24 0.44960356749393204 0.554550620077907 0.019210957030992626 0.05157112497647098
24 0.432526508215315 0.5568543426439547 0.019690715300070494 0.050958002168834206
4 0.41008687816761996 0.5602262143259985 0.022157690492836557 0.05310072146398396
4 0.3905811971103859 0.563696093687196 0.021172605011914536 0.05237384207925736
4 0.3727845004281518 0.5670332570417886 0.020692846742836446 0.05298696488689399
4 0.35375005465907383 0.5691631342106229 0.021189650973758467 0.0536759254125907
4 0.33521241312091776 0.5719061341870938 0.021669409242836446 0.05306280260495392
11 0.3167003405255277 0.5766022591635648 0.01879938260929037 0.05739258111744109
11 0.29768294071829365 0.5800342196657323 0.022225874340212393 0.058309054797317295
11 0.27914529918013764 0.5827772196422033 0.020281272321134303 0.0588084210278641
11 0.26183688374790354 0.586076464137766 0.019784468090212393 0.05811946050216754
15 0.46816745915928715 0.47914063655004274 0.021643840300070494 0.05110967760495407
15 0.45158294262113113 0.481731961090394 0.019682192319148584 0.05030696050216754
15 0.43301973214020917 0.4825218360668649 0.020204565492836446 0.0529490460278641
15 0.4144820906020531 0.4852648360433358 0.019210957030992626 0.05157112497647098
15 0.39741781579481905 0.48854512110938364 0.019707761261914536 0.05226008550216754
15 0.380340756516202 0.49084884367543147 0.021181127992836557 0.05302488374592403
25 0.5708137401052451 0.40469558843569614 0.018217348569148584 0.05019320392507787
25 0.554224962076628 0.406961392142714 0.019690715300070494 0.050958002168834206
25 0.5371606872693939 0.41024167720876176 0.019228002992836668 0.05287320830980432
25 0.519599608231238 0.4129088394671728 0.022140644530992626 0.05179863813065063
16 0.4758339595150327 0.355373303228474 0.013198168374396912 0.0393973486681117
16 0.46535295860187664 0.35749064203095093 0.011733324624396912 0.03928359209102187
16 0.4548463887459547 0.357654855833428 0.013703495586240844 0.04073735086047492
16 0.4441084627364157 0.3588145915654199 0.012726933086240844 0.04066151314241514
16 0.4326508993232596 0.36100776808595675 0.014191776836240955 0.04077526971950481
16 0.4209449337946426 0.3628943832026752 0.013703495586240844 0.04073735086047492
16 0.4097229880255646 0.3644175586270304 0.013703495586240844 0.04073735086047492
14 0.39313847148740855 0.3670088831673816 0.014714150009928817 0.04341735524520152
14 0.38093996321833057 0.3686078963097967 0.015682189529006907 0.04284215129659478
14 0.36776915393971354 0.3706082680036051 0.014714150009928817 0.04341735524520137
14 0.3560631884110965 0.3724948831203235 0.01522800020269477 0.045408399104231556
5 0.35197203086840273 0.19066145329359496 0.08200926136326192 0.07921119726563626
27 0.1842559444743247 0.20433762303704503 0.10279228059021239 0.06456566653725686
0 0.9776786304003513 0.40144845079327346 0.013121461546099056 0.0335379736681117
0 0.9659598804003513 0.4023585034099919 0.014611874238865008 0.03560485524520137
0 0.9542539148717343 0.40424511852671047 0.013635311738865008 0.03552901752714158
0 0.9444882898717342 0.4050034957073092 0.01071414721978714 0.03595254603962861