17 0.6582738706685491 0.3616035051651943 0.10238066000954493 0.10401126141412871
17 0.6541343302434643 0.27926654441150317 0.10188669709281206 0.10331088675989412
3 0.6597682531404112 0.08484165376465092 0.1526001091810505 0.15656926781272396
24 0.47297442333704526 0.015565813098316394 0.11880040917409052 0.03113162619663279
6 0.4081452448678942 0.708121534392047 0.0747016916723009 0.06283715577699163
6 0.40390661736401656 0.6704302607925904 0.07419068375536908 0.060183656122757036
6 0.40234501423503943 0.6314910932615102 0.0732084395886361 0.05943394848095451
6 0.44650907090425807 0.6521162285470635 0.02040020292110767 0.04564244415695162
6 0.44639810735844865 0.6114014578866128 0.021859365004374798 0.045139401452988746
6 0.44048742631333515 0.5781146205769773 0.016970870837641816 0.043995029910642934
6 0.39956838964779534 0.5933262998660166 0.07270879500517025 0.05808253216005325
0 0.44938409839222737 0.5335575021465201 0.01547761875397713 0.04059182261460581
0 0.436972698184358 0.5393727849961688 0.016965189170908834 0.04334398824397626
0 0.3963006429771847 0.5548853186247574 0.07270311333843726 0.05743149049338658
0 0.4461305558884492 0.4967441250719277 0.013518812087244148 0.03974344899766743
0 0.4337106331804804 0.5015828454215764 0.017442107087442982 0.04209123789821086
0 0.3918121931815741 0.5165676698524181 0.07317434958823843 0.05552769848095437
0 0.44776266671803744 0.4597629389549893 0.013013485837045202 0.0377409910100995
0 0.43214334838477036 0.4619926362238296 0.02378408167071 0.04208152506992713
0 0.3877949796357646 0.47624756309251093 0.07511611125477247 0.05442294709789275
0 0.384038951715154 0.4378559148388197 0.07365694917150545 0.05492598980185578
0 0.4054437833808927 0.4265706800524976 0.06972229083784076 0.05127611756797901
0 0.4440123204641597 0.42202233236796477 0.013990048337045202 0.037839656985235205
19 0.5708266536416573 0.9252894189821991 0.12775389792031233 0.04868320142189534
19 0.5665255278037171 0.8804366870494093 0.13537958709619252 0.13986865491451303
9 0.2995753310988042 0.5314254586694229 0.08390517375477247 0.05531094087411548
9 0.2963019027614606 0.4923334357614972 0.08003869542190312 0.05947356864023871
9 0.29228753004901764 0.4523388498349233 0.0829456562549713 0.05716539989897947
20 0.22738863217841893 0.9117687594153342 0.14060295751113583 0.1234842344444272
20 0.22136130592076303 0.8371161097785814 0.13909834209400518 0.11877894381505645
20 0.21551562195404467 0.7552773353147112 0.14062568417806764 0.12608840111109387