6 0.5351170537519045 0.6385458551348342 0.11457514650791234 0.09666636941617401
6 0.5238798927034953 0.583071758601834 0.11234886989875786 0.09133674507099772
6 0.5115978812527977 0.526356224241422 0.11395028945333507 0.09403187999654665
6 0.5000312197015279 0.4692696849182356 0.11597170235562371 0.09545525434172308
0 0.4881692015985415 0.41122174447152954 0.1130078709044795 0.09462227615729175
0 0.4755406176694109 0.35256824648759794 0.11597170235562371 0.09545525434172308
0 0.4630195985607032 0.2912954204605193 0.11561999691020097 0.09802909825542905
0 0.4494537290497068 0.2287811566060289 0.11875454811706665 0.10211728477319364
19 0.3754996184695223 0.9296445154418306 0.18787535597622096 0.11160112627399599
20 0.9105263261929036 0.8098748525868421 0.1647587636197041 0.13482457195929065
20 0.8899948631621054 0.7079502745952926 0.17047464303035165 0.1695723623163102
20 0.8591942087235205 0.5736787406138901 0.17777832991239162 0.18819572477146704
9 0.6391610331223205 0.30125804685741514 0.13754824327507675 0.10782684105236973
9 0.6254363828641849 0.2403865485460718 0.13758238722622096 0.1084778827190364
9 0.6132499972253278 0.1761537122660324 0.14012622532965402 0.11058262148384028