25 0.2780153765681674 0.5567026766048793 0.1886817866804539 0.08436234855046632
25 0.27224001685831833 0.48804469059001854 0.19122534890196916 0.08056985512755621
25 0.2657643743701171 0.4225320935558853 0.20766805279280232 0.09202302123436756
25 0.2574909057726164 0.3469244134639347 0.21688869390515073 0.09925710675418187
12 0.6124397287423552 0.8368718910015547 0.21691142057208257 0.10072195050418187
13 0.6190644629217487 0.7668011237278706 0.21675233390355983 0.09046804425418187
13 0.6219266545990209 0.7082926911606879 0.22319457056943115 0.0863579044469065
13 0.6310760121108195 0.6434626335890936 0.23381577723848412 0.09999652450526564
10 0.6291138043709125 0.43400660480991393 0.308284520574734 0.11935186820232535
10 0.6393535857767261 0.3408846738825921 0.3293072427991657 0.13246895206904374
10 0.644797673572445 0.24193421499822682 0.3544028772477639 0.15649885830139698
26 0.9030971112647596 0.7257053546113876 0.15078546613090835 0.11588756403839184
24 0.9203203254462741 0.6443708636460627 0.13145830001458267 0.0862542351044906
24 0.9293183999045498 0.568296117752332 0.12631814668204497 0.09042125320031102
24 0.935470117974909 0.4867223019593755 0.1166510039054159 0.09634232228622408
24 0.9489196543801923 0.39667225425341585 0.09266094446212048 0.10163773019814337
24 0.9605107602310249 0.30043337348963883 0.07258471057446887 0.10759205422569737
24 0.9740964285785432 0.22260457660581545 0.047216356122688964 0.06598402299334416
23 0.1905223294113462 0.19130775397391847 0.3078612016960971 0.1759356149137804