4 0.45932191556329655 0.759419110252711 0.3123068192750002 0.14331242836468605
4 0.4817728269428682 0.6649141327552961 0.33165677566108237 0.15861391544994152
4 0.510143453803415 0.5619182092168443 0.33619891416475706 0.15816540586707228
4 0.5437448715707904 0.4492049548456225 0.3570176386770836 0.17884935003579372
4 0.5767177052449947 0.32672323464103425 0.3749442864258971 0.19023322378758348
10 0.794565636117579 0.8658323852865162 0.294896467751881 0.19051094127943058
10 0.8270240787630362 0.7582347207068285 0.2714270283999423 0.12635860252724296
8 0.8706882412347086 0.7180994119614023 0.215437445066609 0.1258699791882092
8 0.9016014253051869 0.6229756459236464 0.1967971493896261 0.13213241043721502
8 0.9200488158947774 0.5211521313429645 0.15990236821044532 0.13042325501769803
1 0.9370197256911315 0.4038852590532201 0.1259605486177371 0.14132418709718686
1 0.9689418640763311 0.27918070572333353 0.062116271847337735 0.1397567312569599
11 0.6304405298560766 0.20173778089690048 0.38040967918810775 0.17758904628818006
24 0.431904577116277 0.8407007223329952 0.2944402398361691 0.11289126752962941
15 0.08884862873298693 0.7447144733400282 0.13538962639259275 0.12614769668005632
15 0.11765112073880281 0.6556345654265763 0.19905587560098395 0.14330038085315255
15 0.12292519376666729 0.5634204300107382 0.2153622235936344 0.14441898502147632