6 0.17578125 0.56640625 0.005859375 0.020833333333333332
6 0.181640625 0.5657552083333334 0.00634765625 0.020833333333333332
0 0.2001953125 0.56640625 0.0068359375 0.020833333333333332
0 0.20703125 0.56640625 0.00732421875 0.020833333333333332
0 0.2138671875 0.56640625 0.00634765625 0.021484375
0 0.21923828125 0.56640625 0.0048828125 0.022135416666666668
18 0.31005859375 0.4694010416666667 0.02734375 0.024739583333333332
18 0.33740234375 0.46875 0.02783203125 0.025390625
18 0.3642578125 0.46875 0.02685546875 0.025390625
18 0.39111328125 0.4674479166666667 0.02734375 0.026041666666666668
7 0.25537109375 0.513671875 0.01123046875 0.033203125
7 0.2666015625 0.5143229166666666 0.01123046875 0.033203125
7 0.27783203125 0.513671875 0.01220703125 0.033854166666666664
7 0.2900390625 0.513671875 0.01123046875 0.033854166666666664
19 0.3916015625 0.5123697916666666 0.01171875 0.03515625
19 0.4033203125 0.51171875 0.0107421875 0.036458333333333336
19 0.41455078125 0.51171875 0.01220703125 0.036458333333333336
19 0.42626953125 0.51171875 0.01220703125 0.037109375
17 0.25390625 0.6048177083333334 0.01025390625 0.025390625
17 0.265625 0.60546875 0.01171875 0.026041666666666668
28 0.3974609375 0.6471354166666666 0.01025390625 0.020833333333333332
29 0.4072265625 0.6490885416666666 0.0087890625 0.016927083333333332
30 0.41796875 0.650390625 0.009765625 0.006510416666666667
30 0.41748046875 0.65625 0.009765625 0.007161458333333333
30 0.41943359375 0.6432291666666666 0.00732421875 0.005859375
32 0.23828125 0.6940104166666666 0.0302734375 0.037760416666666664
31 0.26025390625 0.6985677083333334 0.02587890625 0.032552083333333336
9 0.4150390625 0.7063802083333334 0.00830078125 0.027994791666666668
9 0.4228515625 0.70703125 0.00830078125 0.029296875
9 0.43115234375 0.70703125 0.0078125 0.02734375
20 0.23291015625 0.7532552083333334 0.0146484375 0.051432291666666664
20 0.2470703125 0.7545572916666666 0.013671875 0.052083333333333336
20 0.2607421875 0.7545572916666666 0.01318359375 0.052734375
20 0.2744140625 0.7545572916666666 0.013671875 0.051432291666666664
20 0.28857421875 0.7565104166666666 0.0146484375 0.052083333333333336
20 0.30419921875 0.7571614583333334 0.0166015625 0.053385416666666664
21 0.32421875 0.759765625 0.01708984375 0.05078125
21 0.341796875 0.7604166666666666 0.017578125 0.051432291666666664
21 0.35888671875 0.7610677083333334 0.01708984375 0.052083333333333336
21 0.37548828125 0.76171875 0.017578125 0.052083333333333336
21 0.39453125 0.7630208333333334 0.02099609375 0.05078125
25 0.4912109375 0.4036458333333333 0.01123046875 0.030598958333333332
25 0.50244140625 0.4036458333333333 0.01123046875 0.032552083333333336
25 0.513671875 0.4029947916666667 0.01123046875 0.03125
25 0.52490234375 0.4029947916666667 0.01123046875 0.031901041666666664
25 0.451171875 0.603515625 0.01123046875 0.032552083333333336
25 0.462890625 0.603515625 0.01123046875 0.033854166666666664
25 0.47412109375 0.6041666666666666 0.01123046875 0.033854166666666664
25 0.48681640625 0.6041666666666666 0.013671875 0.033203125
23 0.54541015625 0.3958333333333333 0.0166015625 0.045572916666666664
23 0.5625 0.3951822916666667 0.01611328125 0.045572916666666664
22 0.578125 0.400390625 0.0146484375 0.033854166666666664
22 0.59228515625 0.400390625 0.01513671875 0.033854166666666664
22 0.607421875 0.3997395833333333 0.01416015625 0.033203125
27 0.65380859375 0.4016927083333333 0.06494140625 0.025390625
27 0.720703125 0.3997395833333333 0.068359375 0.02734375
12 0.44775390625 0.4641927083333333 0.01416015625 0.033854166666666664
13 0.462890625 0.4641927083333333 0.01123046875 0.03515625
13 0.47412109375 0.4635416666666667 0.01123046875 0.034505208333333336
13 0.48486328125 0.462890625 0.01123046875 0.034505208333333336
10 0.51806640625 0.4596354166666667 0.0126953125 0.042317708333333336
10 0.5302734375 0.458984375 0.01220703125 0.042317708333333336
10 0.54248046875 0.458984375 0.0126953125 0.042317708333333336
10 0.55517578125 0.458984375 0.0126953125 0.04296875
10 0.568359375 0.4596354166666667 0.01318359375 0.041666666666666664
8 0.58056640625 0.4609375 0.0107421875 0.036458333333333336
8 0.5927734375 0.4602864583333333 0.01220703125 0.036458333333333336
8 0.60498046875 0.4609375 0.01123046875 0.0390625
1 0.6171875 0.4596354166666667 0.01171875 0.038411458333333336
1 0.62890625 0.458984375 0.01123046875 0.037109375
1 0.64111328125 0.4602864583333333 0.0107421875 0.037760416666666664
2 0.65771484375 0.4563802083333333 0.01513671875 0.043619791666666664
2 0.67236328125 0.4557291666666667 0.0146484375 0.044270833333333336
26 0.47802734375 0.5123697916666666 0.01123046875 0.034505208333333336
24 0.4921875 0.513671875 0.01171875 0.033203125
24 0.50341796875 0.513671875 0.01123046875 0.033203125
24 0.5146484375 0.513671875 0.01171875 0.032552083333333336
24 0.52587890625 0.513671875 0.01123046875 0.032552083333333336
24 0.5380859375 0.513671875 0.01220703125 0.033203125
24 0.55029296875 0.5130208333333334 0.01220703125 0.033203125
4 0.5654296875 0.513671875 0.01318359375 0.033854166666666664
4 0.578125 0.513671875 0.013671875 0.035807291666666664
4 0.5908203125 0.5130208333333334 0.01318359375 0.036458333333333336
4 0.6044921875 0.5130208333333334 0.01318359375 0.03515625
4 0.61767578125 0.5130208333333334 0.01318359375 0.03515625
11 0.6328125 0.5104166666666666 0.01220703125 0.038411458333333336
11 0.64501953125 0.509765625 0.01220703125 0.0390625
11 0.65771484375 0.509765625 0.013671875 0.039713541666666664
11 0.6708984375 0.5104166666666666 0.013671875 0.0390625
15 0.5234375 0.5638020833333334 0.01123046875 0.033854166666666664
15 0.53515625 0.5638020833333334 0.01171875 0.033854166666666664
15 0.546875 0.5638020833333334 0.01171875 0.035807291666666664
15 0.55908203125 0.564453125 0.0126953125 0.032552083333333336
15 0.5712890625 0.5638020833333334 0.01171875 0.035807291666666664
15 0.583984375 0.564453125 0.013671875 0.033203125
16 0.5146484375 0.6484375 0.00732421875 0.026692708333333332
16 0.521484375 0.6490885416666666 0.0068359375 0.026692708333333332
16 0.529296875 0.6490885416666666 0.0068359375 0.026692708333333332
16 0.53662109375 0.6497395833333334 0.00732421875 0.026692708333333332
16 0.54443359375 0.6497395833333334 0.0078125 0.026692708333333332
16 0.55224609375 0.6497395833333334 0.00732421875 0.026692708333333332
16 0.560546875 0.6497395833333334 0.0087890625 0.02734375
14 0.5712890625 0.6497395833333334 0.00830078125 0.028645833333333332
14 0.580078125 0.6497395833333334 0.00830078125 0.029296875
14 0.58837890625 0.650390625 0.00830078125 0.028645833333333332
14 0.59765625 0.6510416666666666 0.00830078125 0.029296875
5 0.59765625 0.78125 0.05419921875 0.048177083333333336
27 0.72021484375 0.7962239583333334 0.06787109375 0.040364583333333336