10 0.16731770833333334 0.626953125 0.2545572916666667 0.3779296875
10 0.050130208333333336 0.70068359375 0.10026041666666667 0.48828125
8 0.4192708333333333 0.6845703125 0.2623697916666667 0.39892578125
8 0.62890625 0.6572265625 0.203125 0.3740234375
8 0.806640625 0.6357421875 0.16861979166666666 0.35302734375
1 0.9446614583333334 0.61181640625 0.11002604166666667 0.33349609375
4 0.9049479166666666 0.908203125 0.189453125 0.18359375
4 0.763671875 0.9228515625 0.20833333333333334 0.15380859375
4 0.59765625 0.9384765625 0.203125 0.123046875
4 0.3958333333333333 0.953125 0.203125 0.09326171875
4 0.181640625 0.97314453125 0.21809895833333334 0.0537109375
4 0.1953125 0.89892578125 0.19466145833333334 0.07421875
23 0.08984375 0.11328125 0.1796875 0.22607421875
22 0.3268229166666667 0.1123046875 0.314453125 0.22412109375
22 0.609375 0.11328125 0.2578125 0.22607421875
22 0.83984375 0.115234375 0.21744791666666666 0.23046875