18 0.44014868252986017 0.2859950568347385 0.02402558568361668 0.045103682181592365
18 0.4373803771830874 0.32959780407813094 0.024985102221772748 0.043809174147492046
18 0.4346291177981586 0.37189846798819 0.02549042943361668 0.04511504513044192
18 0.4311241290859249 0.41582105459049096 0.02551599837638263 0.04706817013044192
7 0.48485556615365394 0.20951113480874928 0.031060023082269406 0.023025080259173308
7 0.48364036018783846 0.22773272617618293 0.031068546063191316 0.023676121925839972
7 0.481936872972023 0.2459505298940001 0.032019539620425364 0.02173057222507298
7 0.4802333857562075 0.26416833361181724 0.030066414620425364 0.021715421626606963
7 0.46936471591124407 0.42295432258538673 0.033484383370425364 0.02174193517392246
7 0.4676612286954286 0.44117212630320396 0.031042977120425364 0.021722996925839972
7 0.4659577414796131 0.4593899300210211 0.033989710582269295 0.023047806156872408
7 0.46475105849471965 0.47696047972178807 0.032507820870425364 0.021734359874689524
17 0.5621458685075902 0.21792397727296572 0.022708103946737612 0.019054440215692692
17 0.5609391855226966 0.23549452697373272 0.022708103946737612 0.019054440215692692
28 0.5811610503776626 0.44400587983904183 0.01781676846581548 0.018365522052860978
29 0.5814234726332301 0.46126227165532513 0.015341270292127618 0.01574241713811168
30 0.5814630617161026 0.4768891654801333 0.005558599330283576 0.014364580812448105
30 0.5868213709947196 0.47790739212591493 0.005061795099361666 0.013709751496164971
30 0.5751154054661025 0.47683992603511866 0.0060298346184395335 0.013066285128731536
9 0.6268689564756416 0.47756693772780184 0.024584522118439534 0.013210215814158785
9 0.6267070198381239 0.48993672939446853 0.024121809811205708 0.015159553164542316
9 0.6258041383446844 0.5029518812533771 0.023625005580283798 0.014504723848259035
32 0.6380084448569517 0.20483918796352438 0.037748598569148584 0.04911598637085457
31 0.6385418123490088 0.23870092992942404 0.030339150009928817 0.042548754959940295
20 0.6875945606747177 0.2032705093995998 0.0452713172178012 0.02704117209805205
20 0.6860840761983704 0.22539645694222524 0.04430327769872333 0.027684638465485634
20 0.684573591722023 0.24752240448485066 0.04526279423687907 0.026390130431385384
20 0.6840396697456756 0.269655927326709 0.04526279423687929 0.026390130431385384
20 0.6832786531061723 0.2904854730104259 0.04574255250595716 0.025742876414335186
20 0.6812713643989029 0.3132586745701014 0.04528836317964524 0.028343255431385384
21 0.6810978789587259 0.3451616100615764 0.04482565087241097 0.030292592781768806
21 0.6792835929909246 0.3718429554460602 0.04432884664148906 0.029637763465485634
21 0.6772464738504282 0.3968948028390691 0.043857611353333104 0.0309360591492025
21 0.676400227401705 0.42423476518945263 0.044345892603333104 0.030939846798818966
21 0.6745774184529818 0.45156715224060306 0.044834173853333326 0.030943634448435436
25 0.36591011414656427 0.5666977414651532 0.029081329139503342 0.02105680466070729
25 0.36470343116167075 0.5842682911659202 0.028584524908581432 0.020401975344424155
25 0.36374088880177724 0.6018407346914955 0.02905576019673739 0.01910367966070729
25 0.3620459245668838 0.619407496742646 0.028593047889503342 0.02105301701109082
25 0.53910136021472 0.523440321437922 0.029561087408581432 0.020409550643657088
25 0.5378861542489045 0.5416619128053556 0.029072806158581432 0.02040576299404062
25 0.5364523766008549 0.557928485347981 0.029081329139503342 0.02105680466070729
25 0.5357254518850394 0.5761538643650311 0.029089852120425252 0.021707846327373954
23 0.3535972268194726 0.6492929171906402 0.04041407366056715 0.02895642060188693
23 0.35177867936121043 0.6762997834084574 0.03992579241056715 0.028952632952270463
22 0.3546286342111751 0.7010639864642979 0.029612225294113337 0.024315800643657088
22 0.3531053652634448 0.7241664965069234 0.029620748275035247 0.024966842310323756
22 0.35110659953709744 0.7462886563999324 0.030091983563191316 0.02366854662660689
27 0.3492351240402894 0.8146404561006992 0.02670316406198514 0.10045737444672505
27 0.34109090896876526 0.9145223248394014 0.027730864447516934 0.10437119974595828
12 0.4223923828150744 0.504629533521435 0.03150568942765952 0.019773659575456588
13 0.4208563293959611 0.5287086060640606 0.03052912692765941 0.019766084276223356
13 0.4196624308824506 0.5453025932648274 0.030529126927659522 0.019766084276223356
13 0.4179589436666351 0.5635203969826446 0.030529126927659522 0.019766084276223356
10 0.41144756062610355 0.6132796326872465 0.037399156351347385 0.02242327803752116
10 0.4097398119198271 0.631822957238397 0.036910875101347385 0.022419490387904695
10 0.4082634193671677 0.6513447381143558 0.037390633370425475 0.021772236370854497
10 0.4070396904204302 0.670217371148456 0.037887437601347385 0.02242706568713763
10 0.4058244844546147 0.6884389625158898 0.03737358740858143 0.02047015303752116
8 0.4055517490651113 0.7092722958492231 0.03249077490858143 0.020432276541355893
8 0.4043365430992959 0.7274938872166566 0.03347586038950334 0.021090893507255792
8 0.4031128141525584 0.7463665202507569 0.03396414163950334 0.02109468115687226
1 0.40141784991766494 0.7639332823019075 0.03395561865858143 0.020443639490205594
1 0.3997015782304665 0.7831276485197246 0.033981187601347385 0.022396764490205594
1 0.39846080332188505 0.8033023648871582 0.03444389990858143 0.020447427139822356
2 0.39453022004784266 0.8237817700150346 0.03938637327503525 0.025042595302653698
2 0.3922873136964953 0.8459020360832351 0.038392764813191316 0.02373293667008743
26 0.460978831552167 0.5599474601488973 0.030537649908581432 0.020417125942890173
24 0.45977214856727355 0.5775180098496642 0.028576001927659522 0.019750933677757487
24 0.45905374683238004 0.5950923472000477 0.02857600192765941 0.019750933677757487
24 0.45736730557840855 0.6120080675845315 0.029072806158581432 0.02040576299404062
24 0.45640476321851503 0.6295805111101068 0.029072806158581432 0.02040576299404062
24 0.45520660321454354 0.6465000191442071 0.030057891639503342 0.021064379959940222
24 0.45397435128688407 0.6660236938449741 0.030066414620425364 0.02171542162660689
4 0.45148304282007573 0.6884675869216998 0.030571741832269295 0.023021292609556692
4 0.4502422679114943 0.7086423032891335 0.030580264813191316 0.023672334276223356
4 0.44876587535883483 0.7281640841650923 0.03152273538950334 0.021075742908789625
4 0.44752510045025345 0.7483388005325259 0.032028062601347385 0.022381613891739722
4 0.445808828763055 0.767533166750343 0.030563218851347385 0.022370250942890024
11 0.4421351705853956 0.7870379032030274 0.03346733740858143 0.020439851840589125
11 0.44065451654227517 0.8068852049123194 0.034957750101347385 0.022404339789438527
11 0.43943078759553766 0.8257578379464198 0.033981187601347385 0.022396764490205594
11 0.43771025441787825 0.8452777249975703 0.033989710582269295 0.02304780615687226
15 0.498413996680359 0.6286041656437931 0.030563218851347385 0.022370250942890173
15 0.49768707196454354 0.6468295446608433 0.030554695870425252 0.021719209276223356
15 0.4959750617678061 0.665698390045327 0.030057891639503453 0.021064379959940222
15 0.4950082579174516 0.6835963544042357 0.030546172889503342 0.021068167609556692
15 0.49379305195163614 0.7018179457716692 0.029569610389503342 0.021060592310323756
15 0.4925778459858206 0.7200395371391028 0.02955256442765941 0.019758508976990424
16 0.5690814360573447 0.6206879393467117 0.022151638849361666 0.013842319232742817
16 0.5681956005257491 0.6324010078722869 0.022151638849361444 0.013842319232742817
16 0.5680507098500753 0.6434687162056203 0.021663357599361444 0.013838531583126349
16 0.5671648743184797 0.6551817847311955 0.022151638849361666 0.013842319232742817
16 0.566531702392806 0.6662457054149123 0.022151638849361444 0.013842319232742817
16 0.5651448011398275 0.6789315487908713 0.023625005580283576 0.014504723848258886
16 0.5654583612809269 0.6922816906071544 0.023136724330283576 0.014500936198642714
14 0.5638102734411041 0.706267723491638 0.024121809811205708 0.015159553164542316
14 0.5631515325726646 0.7192847691753549 0.024121809811205486 0.015159553164542316
14 0.562257174060147 0.7316488793675968 0.023633528561205708 0.015155765514925553
14 0.5618170048739414 0.7466209438761219 0.023625005580283576 0.014504723848258886
5 0.6615810291992605 0.7542314557226977 0.04356288732709146 0.0830118171833029
27 0.6596390252177724 0.9212255370475059 0.034061474735673114 0.10311835585763933