6 0.4845720481100694 0.1221323745325149 0.015318556705902764 0.010651508891628655
6 0.48516809151814233 0.1299562378659808 0.015795473083658917 0.010008042780605964
0 0.4872174096757269 0.15245505314420046 0.015318556705902764 0.010651508891628655
0 0.4878020882115559 0.16092995814433303 0.01630648407814672 0.011317701669583199
0 0.4886309073723849 0.1694086509222876 0.015307191833658917 0.010000467224961987
0 0.4892383156527017 0.17658147258908682 0.01529582696141496 0.009349425558295321
18 0.4311764692374781 0.29908646730118954 0.021655256340147533 0.038086165559355845
18 0.433520865816916 0.33266056646838654 0.021643891467903686 0.03743512389268918
18 0.4365976842713539 0.3662460289690494 0.021643891467903686 0.037435123892689326
18 0.4384594820369138 0.399487031747269 0.02163252659565973 0.03678408222602251
7 0.45661925680379756 0.22654479063889768 0.02522056017282992 0.018615520004507353
7 0.45807821398943127 0.24089422175031813 0.025720206295073766 0.019274137226817995
7 0.4597869942361869 0.2549219198062272 0.026208487545073766 0.019281712782461973
7 0.46000251855233276 0.2705544953618711 0.027196414917317613 0.01994790556041644
19 0.4695562603898652 0.39475974619732557 0.027185050045073766 0.019296863893749776
19 0.4707710769504989 0.40910538953092407 0.028161612545073877 0.019312015005037726
19 0.4719915759472545 0.4231255120311892 0.02668540392282992 0.018638246671439134
19 0.47246260576064425 0.4381108336979884 0.027684696167317724 0.01995548111606042
17 0.5198121057541882 0.21580328731696533 0.018838809306098048 0.016563912781136187
17 0.5205613708093098 0.22883927176158655 0.019372550045073877 0.01917565500344683
28 0.563476733473524 0.3864486278809611 0.015886392061610355 0.01521637611393937
29 0.5659520302120115 0.3985345642703361 0.01244569356712244 0.013861263891098355
30 0.5676664928948891 0.41223674149291184 0.00658631856712244 0.01377035722337124
30 0.5723335769504989 0.4106811051048626 0.00560975606712244 0.013755206112083288
30 0.5632378670281573 0.41412168649211645 0.005552931705902875 0.010499997778749956
32 0.5794112386912869 0.18709753371654816 0.03301073868483062 0.04542186167249973
31 0.5843504672960176 0.21192044816196484 0.02700362034565984 0.0368674133381058
9 0.6061727265396699 0.4027402767776274 0.020235463822634525 0.012680389448068041
9 0.6074898269504989 0.41122654511122597 0.021257485811610355 0.01529970722602251
9 0.608284551494596 0.4216583628891805 0.021734402189366175 0.01465624111499982
20 0.6194618701917751 0.1730665040015289 0.0375071455285374 0.02336220056227245
20 0.621369331574555 0.1897021565019266 0.0389719892785374 0.02338492722920423
20 0.623503886273969 0.2073181592801463 0.038506437773025315 0.024679435006893662
20 0.6258882640345051 0.2246124290028546 0.038495072900781135 0.024028393340226994
20 0.627307444167285 0.24124050594760837 0.0389719892785374 0.02338492722920423
20 0.6296577273110893 0.2604879006703167 0.04055048175097653 0.029918070562802674
21 0.6336317582880641 0.28464462233777876 0.03807498088424488 0.02792706778458302
21 0.6354653480012584 0.30551204567150986 0.038574627006488615 0.028585685006893662
21 0.6377815365283309 0.32671256539421817 0.038052251139756965 0.026624984451249684
21 0.6401090899276474 0.3472620434502598 0.03758669963424488 0.027919492228939042
21 0.6421584080852321 0.36976085872847947 0.038654181112196095 0.03314297667356033
25 0.4041699910963973 0.5311522911859247 0.02424399767282992 0.01860036889321955
25 0.40539617252927485 0.5448468928528564 0.024743643795073766 0.019258986115530046
25 0.4061227078399085 0.5591849606308109 0.025231925045073766 0.01926656167117402
25 0.40659373765329826 0.5741702822976101 0.024255362545073766 0.019251410559886217
25 0.5390218732794485 0.4583544139878743 0.023244705428342005 0.017283134448598265
25 0.5404865129012042 0.4723783242659613 0.02423263280058574 0.017949327226552885
25 0.5421896107118378 0.4867315431552037 0.024232632800585963 0.017949327226552885
25 0.5429104635863495 0.5013951317664916 0.0257883955285374 0.023180387226817995
23 0.4037091013857852 0.5995230295193905 0.034634282389756965 0.02657195556174215
23 0.4057811492878577 0.6207197614642769 0.03465701213424477 0.027874038895075486
22 0.41108384967614975 0.6387105261875154 0.024289457161805528 0.021204535559886217
22 0.4127187582533199 0.6569699950767578 0.025277384534049485 0.02187072833784069
22 0.4133657394582461 0.675865354521379 0.026776322900781246 0.023846580004772615
27 0.4189574275757808 0.7332592911892388 0.027333609897222333 0.08373483778246182
27 0.42532658880080243 0.8160627917462083 0.029354924130685855 0.08767139000503772
12 0.44210920589844804 0.4702008081370417 0.027264604150781246 0.02385415556041644
13 0.4437441144756182 0.4884602770262841 0.027196414917317724 0.01994790556041644
13 0.4449646134723738 0.5024803995265493 0.027684696167317724 0.01995548111606027
13 0.4456911487830075 0.5168184673045038 0.027684696167317724 0.01995548111606027
10 0.44596877164000615 0.5568726809157917 0.03161367591180553 0.021318168894545114
10 0.4471665408922739 0.5721948867493901 0.031625040784049485 0.021969210561211778
10 0.4485914034611759 0.5884974428608105 0.03161367591180553 0.021318168894545114
10 0.45003331333844365 0.603823436472231 0.03111402978956157 0.020659551672234617
10 0.45146954077958945 0.6194749509169848 0.0301829267785374 0.023248567227613332
8 0.45413215378185723 0.634819883417515 0.02717368517282992 0.01864582222708311
8 0.4545918187230031 0.650456246750981 0.027196414917317724 0.01994790556041644
8 0.45580095284751476 0.6651274109179127 0.02916090478956157 0.02062924944965901
1 0.4567602639109045 0.680120308140356 0.028649893795073766 0.019319590560681554
1 0.4569757882270504 0.695752883696 0.028661258667317724 0.019970632227348222
1 0.45843474541268403 0.7101023148074203 0.029637821167317724 0.01998578333863617
2 0.45857071562312235 0.7302921820297309 0.03362362527302509 0.024603679450454347
2 0.4602056242002925 0.7485516509189734 0.034100541650781246 0.023960213339431508
26 0.4789058427834958 0.5026813798104693 0.025731571167317724 0.019925178893484663
24 0.4815457260412757 0.5193283956443331 0.024720914050585963 0.01795690278219671
24 0.48203948559915333 0.5330116339777989 0.024743643795073766 0.019258986115530046
24 0.48375963071815287 0.5463882903670414 0.024720914050585963 0.01795690278219671
24 0.4844861660287866 0.5607263581449958 0.025231925045073877 0.01926656167117402
24 0.48593944077829826 0.5754013100897497 0.024255362545073766 0.019251410559886217
24 0.487142892466688 0.5903979950900148 0.025243289917317724 0.01991760333784069
4 0.48828951979385815 0.6086498884236132 0.026242582161805528 0.021234837782461824
4 0.4897086999266381 0.625277965368367 0.026742228284049485 0.021893455004772466
4 0.49113356249553997 0.6415805214797875 0.027219144661805528 0.021249988893749776
4 0.4925641075005638 0.6575575567578745 0.028218436906293443 0.022567223338370912
4 0.494199016077734 0.6758170256471171 0.028218436906293443 0.022567223338370985
11 0.493892164527148 0.6933951506471171 0.029637821167317613 0.01998578333863617
11 0.49509561621553777 0.7083918356473822 0.029183634534049485 0.021931332782992047
11 0.49603219753443967 0.7246868162031586 0.03014883216180564 0.02129544222761363
11 0.49698582616170744 0.740005234258935 0.031170854150781246 0.023914760005567953
15 0.5193246078624454 0.5514985975957153 0.025209195300585963 0.017964478337840834
15 0.520800612356445 0.5648714662071357 0.024266727417317835 0.019902452226552885
15 0.5227308034837128 0.5802050353742002 0.024755008667317835 0.01991002778219671
15 0.5241670309248585 0.5958565498189539 0.024743643795073655 0.019258986115530046
15 0.5243939201132484 0.6108380837079311 0.02671949853956157 0.02059137167143928
15 0.5263127463682722 0.6268226945416622 0.026753593156293443 0.02254449667143928
16 0.5770783779576169 0.5305788295505444 0.019247536450390568 0.012014196670113423
16 0.5776573740573239 0.5393792553840102 0.020235463822634525 0.012680389448068041
16 0.5791958853486651 0.5491713948287641 0.020235463822634525 0.012680389448068041
16 0.579786246320616 0.5573207789955633 0.019747182572634525 0.012672813892424065
16 0.5803368302397132 0.5677488089956958 0.020735109944878483 0.013339006670378536
16 0.5811542845282982 0.5768785434403171 0.020246828694878483 0.013331431114734707
16 0.5826587012029076 0.5886238078850708 0.02175713193385409 0.015958324448333155
14 0.583180872941395 0.6006794420518701 0.02123475606712244 0.013997623892689326
14 0.5849521599854922 0.6111264109411124 0.02074647481712244 0.013990048337045202
14 0.5855027439045895 0.621554440941245 0.02074647481712244 0.013990048337045202
14 0.5867800672625647 0.6323193551081768 0.021734402189366397 0.01465624111499982
5 0.6756929183797848 0.6170927559575511 0.040800917196831765 0.07222820334049211
27 0.6980040712581701 0.7659166092953917 0.034726017880685855 0.08775472111712072