18 0.2099609375 0.341796875 0.04443359375 0.036458333333333336
18 0.25341796875 0.3424479166666667 0.04345703125 0.038411458333333336
18 0.296875 0.3444010416666667 0.04296875 0.040364583333333336
18 0.33984375 0.3424479166666667 0.04345703125 0.0390625
7 0.12060546875 0.4095052083333333 0.01953125 0.054036458333333336
7 0.1396484375 0.41015625 0.01904296875 0.053385416666666664
7 0.15869140625 0.4095052083333333 0.02001953125 0.052083333333333336
7 0.177734375 0.4108072916666667 0.01953125 0.054036458333333336
19 0.33984375 0.41015625 0.017578125 0.054036458333333336
19 0.3583984375 0.41015625 0.0185546875 0.0546875
19 0.376953125 0.4108072916666667 0.01806640625 0.0546875
19 0.39501953125 0.41015625 0.01806640625 0.0546875
17 0.12060546875 0.5501302083333334 0.01806640625 0.037109375
17 0.13818359375 0.55078125 0.0185546875 0.0390625
28 0.349609375 0.6126302083333334 0.01611328125 0.031901041666666664
29 0.36474609375 0.6139322916666666 0.01416015625 0.026041666666666668
30 0.38037109375 0.6158854166666666 0.01513671875 0.008463541666666666
30 0.38037109375 0.6243489583333334 0.01611328125 0.009114583333333334
30 0.3828125 0.6061197916666666 0.0126953125 0.008463541666666666
32 0.0869140625 0.693359375 0.0341796875 0.051432291666666664
31 0.130859375 0.69140625 0.0419921875 0.049479166666666664
9 0.376953125 0.6966145833333334 0.0107421875 0.040364583333333336
9 0.388671875 0.6979166666666666 0.01171875 0.041666666666666664
9 0.4013671875 0.697265625 0.0126953125 0.042317708333333336
20 0.08740234375 0.77734375 0.0234375 0.07942708333333333
20 0.1103515625 0.7766927083333334 0.02392578125 0.07942708333333333
20 0.1337890625 0.7766927083333334 0.02294921875 0.07942708333333333
20 0.15576171875 0.77734375 0.02197265625 0.07942708333333333
20 0.17822265625 0.7760416666666666 0.021484375 0.07877604166666667
20 0.20263671875 0.77734375 0.02734375 0.08138020833333333
21 0.2353515625 0.779296875 0.02685546875 0.07421875
21 0.2626953125 0.779296875 0.02587890625 0.07486979166666667
21 0.2890625 0.779296875 0.02685546875 0.07682291666666667
21 0.31591796875 0.779296875 0.02783203125 0.07682291666666667
21 0.34375 0.7799479166666666 0.029296875 0.076171875
25 0.49365234375 0.2513020833333333 0.017578125 0.048828125
25 0.5107421875 0.2513020833333333 0.015625 0.048828125
25 0.52783203125 0.251953125 0.01708984375 0.047526041666666664
25 0.54443359375 0.251953125 0.017578125 0.050130208333333336
23 0.57568359375 0.2421875 0.0244140625 0.06770833333333333
23 0.60009765625 0.24153645833333334 0.0244140625 0.06575520833333333
22 0.623046875 0.25 0.02001953125 0.048828125
22 0.64453125 0.25 0.02197265625 0.046875
22 0.6650390625 0.24934895833333334 0.0205078125 0.050130208333333336
27 0.72705078125 0.2565104166666667 0.09716796875 0.035807291666666664
27 0.8232421875 0.2552083333333333 0.09423828125 0.037109375
12 0.42626953125 0.33984375 0.01708984375 0.051432291666666664
13 0.4501953125 0.3404947916666667 0.0166015625 0.050130208333333336
13 0.4677734375 0.33984375 0.01806640625 0.052734375
13 0.4853515625 0.3404947916666667 0.0166015625 0.05078125
10 0.533203125 0.3359375 0.017578125 0.061848958333333336
10 0.55126953125 0.3352864583333333 0.0185546875 0.0625
10 0.56982421875 0.3346354166666667 0.01806640625 0.06315104166666667
10 0.58837890625 0.3352864583333333 0.01708984375 0.060546875
10 0.60546875 0.3365885416666667 0.0166015625 0.061848958333333336
8 0.625 0.3385416666666667 0.01953125 0.055338541666666664
8 0.64306640625 0.3372395833333333 0.01708984375 0.054036458333333336
8 0.65966796875 0.3385416666666667 0.0166015625 0.055989583333333336
1 0.677734375 0.337890625 0.01708984375 0.055989583333333336
1 0.69482421875 0.3391927083333333 0.0166015625 0.055338541666666664
1 0.71142578125 0.3385416666666667 0.01611328125 0.055338541666666664
2 0.7333984375 0.3359375 0.0234375 0.064453125
2 0.75537109375 0.333984375 0.0205078125 0.064453125
26 0.47314453125 0.4134114583333333 0.015625 0.050130208333333336
24 0.49365234375 0.4147135416666667 0.0166015625 0.047526041666666664
24 0.51025390625 0.4153645833333333 0.015625 0.047526041666666664
24 0.52734375 0.4153645833333333 0.017578125 0.046223958333333336
24 0.54443359375 0.4153645833333333 0.0166015625 0.047526041666666664
24 0.5615234375 0.4153645833333333 0.0166015625 0.048828125
24 0.57861328125 0.4153645833333333 0.01708984375 0.048177083333333336
4 0.60107421875 0.4153645833333333 0.01953125 0.050130208333333336
4 0.62060546875 0.4147135416666667 0.0185546875 0.049479166666666664
4 0.638671875 0.4140625 0.01806640625 0.050130208333333336
4 0.65771484375 0.4147135416666667 0.0185546875 0.05078125
4 0.67626953125 0.4147135416666667 0.01904296875 0.050130208333333336
11 0.69482421875 0.4127604166666667 0.01611328125 0.0546875
11 0.7138671875 0.412109375 0.01953125 0.055338541666666664
11 0.732421875 0.412109375 0.017578125 0.055989583333333336
11 0.75 0.4114583333333333 0.01708984375 0.055338541666666664
15 0.5390625 0.4876302083333333 0.01904296875 0.048177083333333336
15 0.5556640625 0.4876302083333333 0.01708984375 0.047526041666666664
15 0.57421875 0.4895833333333333 0.017578125 0.050130208333333336
15 0.5927734375 0.4895833333333333 0.0166015625 0.048828125
15 0.60986328125 0.4889322916666667 0.01708984375 0.049479166666666664
15 0.626953125 0.4889322916666667 0.0185546875 0.050130208333333336
25 0.43310546875 0.546875 0.015625 0.047526041666666664
25 0.44970703125 0.546875 0.01708984375 0.048177083333333336
25 0.466796875 0.5462239583333334 0.0166015625 0.050130208333333336
25 0.484375 0.5462239583333334 0.01953125 0.048828125
16 0.52490234375 0.6100260416666666 0.01123046875 0.037760416666666664
16 0.53564453125 0.609375 0.009765625 0.037760416666666664
16 0.5458984375 0.6106770833333334 0.01171875 0.0390625
16 0.556640625 0.611328125 0.0107421875 0.0390625
16 0.568359375 0.6106770833333334 0.01220703125 0.0390625
16 0.580078125 0.6106770833333334 0.01171875 0.0390625
16 0.59130859375 0.6106770833333334 0.01171875 0.0390625
14 0.60791015625 0.6106770833333334 0.0126953125 0.041666666666666664
14 0.6201171875 0.6106770833333334 0.013671875 0.041015625
14 0.63330078125 0.6106770833333334 0.0126953125 0.041666666666666664
14 0.64501953125 0.6106770833333334 0.01318359375 0.043619791666666664
5 0.6396484375 0.7923177083333334 0.07861328125 0.06770833333333333
27 0.80712890625 0.8033854166666666 0.10009765625 0.049479166666666664
0 0.0283203125 0.490234375 0.01123046875 0.031901041666666664
0 0.0400390625 0.4908854166666667 0.0126953125 0.033854166666666664
0 0.0517578125 0.4908854166666667 0.01171875 0.033854166666666664
0 0.0615234375 0.4915364583333333 0.0087890625 0.034505208333333336