25 0.08333333333333333 0.34228515625 0.13671875 0.1533203125
23 0.216796875 0.31884765625 0.15169270833333334 0.2177734375
23 0.3606770833333333 0.31884765625 0.1484375 0.220703125
22 0.4876302083333333 0.35107421875 0.115234375 0.1533203125
22 0.609375 0.353515625 0.12369791666666667 0.16357421875
22 0.734375 0.35400390625 0.12565104166666666 0.15966796875
10 0.037109375 0.5888671875 0.07421875 0.1806640625
10 0.11653645833333333 0.59033203125 0.10416666666666667 0.185546875
10 0.21419270833333334 0.5927734375 0.107421875 0.19091796875
10 0.3157552083333333 0.5966796875 0.115234375 0.19091796875
10 0.4134114583333333 0.57861328125 0.0859375 0.1748046875
8 0.4986979166666667 0.6181640625 0.08072916666666667 0.1748046875
8 0.5924479166666666 0.61669921875 0.09049479166666667 0.16943359375
8 0.6822916666666666 0.61767578125 0.09375 0.17578125
1 0.78125 0.6181640625 0.09375 0.1845703125
1 0.8854166666666666 0.62646484375 0.10416666666666667 0.1806640625
1 0.9680989583333334 0.6298828125 0.06380208333333333 0.17578125
24 0.034505208333333336 0.7841796875 0.068359375 0.15087890625
24 0.107421875 0.7880859375 0.09375 0.14697265625
24 0.19075520833333334 0.79052734375 0.08919270833333333 0.150390625
24 0.2779947916666667 0.7998046875 0.099609375 0.15625
4 0.37890625 0.80126953125 0.09765625 0.158203125
4 0.4733072916666667 0.8056640625 0.09049479166666667 0.1611328125
4 0.5703125 0.8125 0.09505208333333333 0.16455078125
4 0.6647135416666666 0.81591796875 0.09895833333333333 0.1640625
4 0.7623697916666666 0.82080078125 0.10546875 0.1669921875
11 0.8515625 0.79541015625 0.07942708333333333 0.146484375
11 0.9498697916666666 0.82763671875 0.099609375 0.17041015625
15 0.09440104166666667 0.958984375 0.08203125 0.08154296875
15 0.17317708333333334 0.97509765625 0.07877604166666667 0.04931640625
15 0.251953125 0.9775390625 0.08984375 0.044921875
15 0.3352864583333333 0.97802734375 0.08463541666666667 0.0439453125
15 0.4231770833333333 0.955078125 0.08203125 0.08935546875
15 0.5045572916666666 0.95654296875 0.08333333333333333 0.0869140625