7 0.3157552083333333 0.16064453125 0.07552083333333333 0.16943359375
7 0.392578125 0.134765625 0.083984375 0.1796875
7 0.4798177083333333 0.10791015625 0.10872395833333333 0.18310546875
7 0.5872395833333334 0.091796875 0.10546875 0.18310546875
17 0.3313802083333333 0.58154296875 0.0703125 0.1123046875
17 0.404296875 0.5810546875 0.08984375 0.11767578125
32 0.2578125 0.91796875 0.2610677083333333 0.16357421875
31 0.376953125 0.95849609375 0.20182291666666666 0.0830078125
31 0.4270833333333333 0.923828125 0.19075520833333334 0.06298828125
0 0.025390625 0.43505859375 0.030598958333333332 0.07958984375
0 0.059244791666666664 0.4326171875 0.035807291666666664 0.07958984375
0 0.09830729166666667 0.42919921875 0.038411458333333336 0.0791015625