18 0.678545515247625 0.6435414016783844 0.03771651672785303 0.0372879034764062
18 0.6460820967438377 0.6343335196778647 0.03726523521852876 0.03792758116851017
18 0.6143880998557263 0.6257937253058556 0.03831579719988065 0.0392523924509689
18 0.5812292592176149 0.6172198390101586 0.039743641209204705 0.038635442707990166
7 0.7436122016447719 0.6086456148474143 0.022949795384612504 0.043446036931630815
7 0.7299994685663922 0.6050778972136084 0.023438076634612504 0.043457400906193655
7 0.7161610947333505 0.6018300184258544 0.02201023262528823 0.04407435064917239
7 0.7025668615253087 0.5985878216253817 0.02186223366258444 0.041470183982505716
7 0.5834517326995532 0.5662323899097331 0.02212123184731629 0.04602747564917239
7 0.5696133588665115 0.5629845111219791 0.021936233143936334 0.04277226731583905
7 0.5560191256584697 0.5597423143215065 0.023134794087992017 0.04670124526496414
7 0.5428946738300899 0.5561859606622631 0.022535513615964398 0.0447367562904016
17 0.7520003983493246 0.5074126701097309 0.018377550052445457 0.031636375135129846
17 0.7388574466506068 0.5035307956171543 0.018377550052445457 0.031636375135129846
28 0.5891019485940858 0.4168223618387163 0.017030990145685987 0.02510323051933779
29 0.5766174192890163 0.41165544997465026 0.014441584932982199 0.022442243979858095
30 0.5651279523542847 0.4068367868930429 0.011748465119463258 0.009375954748273982
30 0.5652092364568493 0.39968669253427214 0.010734902878787311 0.00870218513248222
30 0.563899964608072 0.41526055464874023 0.010771902619463258 0.009353226799148887
9 0.5732725850684497 0.3485100902952649 0.014582299274473076 0.03349858833862873
9 0.5640728831104078 0.3453701692658561 0.016047143024473076 0.03353268026231656
9 0.554403399772704 0.34254440509521794 0.015521862033797351 0.032870274621087305
32 0.7764575919419885 0.41435587255805206 0.04311004097610338 0.05496830424746987
31 0.7514515335911733 0.4033710071632533 0.0371839511159644 0.04507767552728096
20 0.7870102734760838 0.35120886532036866 0.028905600364214745 0.06243988501059065
20 0.7704123532866902 0.34659640133918684 0.02883160088286285 0.06113780167725732
20 0.7538144330972966 0.341983937358005 0.028417319114214745 0.062428521036028105
20 0.737386654051551 0.3360750720307712 0.028417319114214745 0.062428521036028105
20 0.7219909371168194 0.3311654971526626 0.027966037604890692 0.06306819872813207
20 0.7049417354181017 0.3271927108635848 0.029393881614214745 0.06245124898515334
21 0.6812488795439764 0.3178638595718593 0.03082172562353902 0.061834299242174616
21 0.6614216316185688 0.31220096725602037 0.03029644463286285 0.06117189360094525
21 0.6424008050495132 0.3078572042353586 0.031236007392186904 0.060543579883403975
21 0.6220112763927538 0.3008808646116236 0.03127300713286285 0.06119462155007057
21 0.6016957472173462 0.295206608321222 0.0313100068735388 0.061845663216737234
25 0.4576391799912134 0.6562801210729972 0.020811671681232657 0.040145372700047
25 0.44451472816283366 0.6527237674137538 0.02028639069055671 0.039482967058817785
25 0.4313902763344539 0.6491674137545105 0.019346827931232657 0.04011128077635906
25 0.41830282424675014 0.6462621017619338 0.02077467194055671 0.03949433103338033
25 0.5225740607575451 0.4474579678999466 0.020848671421908715 0.04079641436671366
25 0.5091869684338275 0.44357041142008846 0.020323390431232546 0.04013400872548445
25 0.4968319382211237 0.44068214538935574 0.020811671681232546 0.040145372700047
25 0.483182205402068 0.43646338608888313 0.021299952931232657 0.04015673667460969
23 0.39450654208911595 0.6479839128416977 0.029023884207455275 0.05594083231848668
23 0.3741910129137084 0.642309656551296 0.028986884466779328 0.05528979065182001
22 0.3567533139378933 0.6315009327622182 0.02332707741258455 0.041504275906193655
22 0.3391788312484996 0.626865740831911 0.02381535866258455 0.041515639880756204
22 0.32261791079978197 0.622904318517396 0.023364077153260387 0.04215531757286032
27 0.2718882297828833 0.6054691514453397 0.07921313835664023 0.04670601900633464
27 0.19668898665497075 0.5864892231451516 0.08176554382866807 0.04871596387914797
12 0.5143086551587581 0.602333666290254 0.020508389134612504 0.043389217058817785
13 0.49622739134902644 0.597361589552051 0.0204343896532605 0.04208713372548445
13 0.4835912207706467 0.5938165998673702 0.0204343896532605 0.04208713372548445
13 0.469996987562605 0.5905744030668977 0.020434389653260387 0.04208713372548445
10 0.4321218332575354 0.5848165645255742 0.023882073522723646 0.051269900906193655
10 0.41803931879949363 0.5815630037505389 0.0233567925320477 0.050607495264964296
10 0.40341302348043795 0.577321516500941 0.023393792272723757 0.051258536931630815
10 0.38929350928172024 0.573416914059239 0.023919073263399593 0.05192094257286032
10 0.37566227633300253 0.5695236755920997 0.022417229772723646 0.051235808982505716
8 0.36022955965759496 0.5639630590473245 0.021558951115964176 0.04471402834127636
8 0.3466168265792153 0.5603953414135185 0.02163295059731618 0.04601611167460969
8 0.3324788125101596 0.5561652181384832 0.021669950337992128 0.04666715334127636
1 0.31939136042245586 0.5532599061459066 0.021181669087992017 0.04665578936671366
1 0.3045764240894141 0.5499892994090273 0.022646512837992017 0.0466898812904016
1 0.2897059881453584 0.545742130172148 0.021218668828667964 0.04730683103338033
2 0.2737813479093445 0.5443962384988622 0.02602019722610338 0.05457056513777747
2 0.25701328657630274 0.5410801758637324 0.024969635244751487 0.0532457538553189
26 0.4808420247115015 0.5368618180085996 0.020922670903260387 0.042098497700047
24 0.46771757288312177 0.5333054643493562 0.0197981094405566 0.03947160308425509
24 0.45455612131406614 0.5290980690234462 0.01979810944055671 0.03947160308425509
24 0.44195695047636235 0.5262041210054322 0.020323390431232657 0.04013400872548445
24 0.42881399877764464 0.5223222465128555 0.020323390431232657 0.04013400872548445
24 0.4161778281992649 0.5187772568281749 0.02137395241258455 0.04145882000794302
24 0.40157003275054726 0.5148612904119102 0.02186223366258444 0.041470183982505716
4 0.3842951902971675 0.5112083429688844 0.022912795643936446 0.042794995264964296
4 0.3691991135984498 0.5072810125780572 0.023401076893936446 0.04280635923952699
4 0.35481695890439413 0.5030452073157407 0.021484951634612393 0.04341194500794302
4 0.33970238233533845 0.49879235609157996 0.022535513615964176 0.0447367562904016
4 0.3248874460022967 0.4955217493547008 0.022424514393936334 0.0427836312904016
11 0.31020200876162074 0.49452978845115486 0.02114466934731607 0.046004747700047
11 0.29508743219256506 0.49027693722699434 0.02320879356934391 0.048003328598297625
11 0.2809679179938474 0.48637233478529235 0.022646512837992128 0.0466898812904016
11 0.26639712228580564 0.4831074100356944 0.023134794087992128 0.046701245264964296
15 0.4374617703015412 0.46855852356902555 0.022424514393936446 0.0427836312904016
15 0.4240561781074855 0.4643454462558343 0.021899233403260387 0.04212122564917239
15 0.40972952302444376 0.4610862034935177 0.02137395241258444 0.04145882000794302
15 0.3960982900757261 0.45719296502637835 0.0214109521532605 0.04210986167460969
15 0.3824670571270084 0.45329972655923906 0.021336952671908604 0.04080777834127636
15 0.36885432404862867 0.449732008925433 0.020360390171908604 0.04078505039215111
16 0.45686236793995066 0.3809105764638243 0.014434300311769399 0.03089442167196192
16 0.44818794697258485 0.3784330610756448 0.014434300311769399 0.030894421671962064
16 0.43996480751454314 0.3753158679953612 0.014397300571093563 0.0302433800052954
16 0.43104624592217733 0.37283267061990033 0.01443430031176951 0.03089442167196192
16 0.4228786060751495 0.3706920400396167 0.014434300311769399 0.03089442167196192
16 0.41300198185312165 0.3685116355483639 0.01552186203379724 0.032870274621087305
16 0.40352113952940394 0.36471499086500697 0.014996581043121293 0.03220786897985809
14 0.3926494529370381 0.36218633759129554 0.016047143024473187 0.03353268026231652
14 0.3829984694696723 0.3596860942539908 0.016047143024473187 0.03353268026231652
14 0.3738172673819685 0.35687169405791525 0.01601014328379724 0.032881638595649854
14 0.3626459405535888 0.35336079629692246 0.015521862033797351 0.032870274621087305
5 0.37622358629806185 0.22331559303644935 0.06965494255827043 0.06728934489928995
27 0.2526693535431115 0.1772030565115809 0.08220954071677936 0.05652846387914797