4 0.13216145833333334 0.5634765625 0.23763020833333334 0.34814453125
4 0.3678385416666667 0.5625 0.22981770833333334 0.3359375
4 0.5852864583333334 0.556640625 0.21809895833333334 0.322265625
4 0.7936197916666666 0.55615234375 0.22135416666666666 0.31591796875
8 0.19205729166666666 0.1083984375 0.19140625 0.216796875
8 0.3977864583333333 0.11474609375 0.203125 0.22900390625
8 0.591796875 0.11669921875 0.19140625 0.23291015625
10 0.054036458333333336 0.1455078125 0.107421875 0.291015625
1 0.7805989583333334 0.1240234375 0.181640625 0.24755859375
1 0.9361979166666666 0.12109375 0.126953125 0.24169921875
11 0.9290364583333334 0.54052734375 0.10221354166666667 0.29248046875
15 0.21809895833333334 0.9404296875 0.22135416666666666 0.119140625
15 0.24283854166666666 0.85302734375 0.18815104166666666 0.04931640625
15 0.08072916666666667 0.8564453125 0.16145833333333334 0.04052734375
15 0.11848958333333333 0.81640625 0.1796875 0.02587890625
15 0.064453125 0.93994140625 0.12890625 0.1162109375