15 0.9604376429869618 0.5444641596824282 0.07912471402607639 0.0757076219817594
15 0.9563107746064391 0.473115409373496 0.08737845078712188 0.07627548697700226
15 0.9540438942828026 0.39714788312587457 0.0919122114343948 0.08199559042282711
15 0.9509212544046752 0.3153010859419423 0.09815749119064954 0.08775548574127334
15 0.9495804491978883 0.2308184817237869 0.10083910160422338 0.08851319294185506
15 0.9488517038383247 0.16786004437825303 0.09493311425808433 0.0569846498335046
25 0.812883445695018 0.8624049109660008 0.19453972090286165 0.06928617590273811
25 0.805806836788963 0.807617931284447 0.1959755144728549 0.08053654058904902
25 0.7994550455559617 0.7353125144118255 0.20199995100226312 0.10167190589322406
16 0.5369179087969784 0.5993892190937895 0.14718981418649424 0.05176028317467507
16 0.5274390827568581 0.556709790980682 0.14749965937345344 0.04689736661098598
16 0.5188671957431852 0.5177123681788853 0.15078898735475757 0.04748512754253964
16 0.5100735310177024 0.4755411172520886 0.15877208559461117 0.05016528502826856
16 0.505015518052366 0.4310478356931563 0.1550364338344649 0.0524873156604041
16 0.49473211192971084 0.38615124601873807 0.15208830233286807 0.05678236722885033
16 0.4838843474379273 0.3378267396261645 0.1627779261833006 0.06100695220982233
14 0.4757500294447796 0.2679030411946107 0.1779224827564875 0.06390596499496959
14 0.4621118244001017 0.21218468027494952 0.18001208634837043 0.06591877780390176
14 0.45635297447375395 0.16231035699786195 0.18049529813040635 0.05423981967652325