1 0.16379651092585543 0.3967293372878866 0.2705424498543507 0.33375118319455677
1 0.3362951160712712 0.42639455116755687 0.25517068058806885 0.3231705036782062
1 0.5125389525057317 0.46029540087214454 0.25371705023266006 0.3192358386115671
4 0.0049075101449620115 0.7718537708663094 0.009815020289924023 0.3044497292326187
4 0.1050258514784328 0.7935729809975258 0.2100517029568656 0.33323971199505165
11 0.27392247597326413 0.7744500799185877 0.22143714101080425 0.30877404447890733
11 0.40643383901988955 0.8293304386050413 0.2667618366758215 0.3413391227899174
11 0.5666444142871335 0.8464872396449898 0.26166215387697606 0.3070255207100203
11 0.7253315739653878 0.8609584938099383 0.2535156399001514 0.27808301238012345
27 0.6542250156705154 0.11690287868610331 0.6915499686589692 0.21999603498556722
2 0.6988350694726182 0.4702252341682064 0.3017785162086601 0.3676078547272579
2 0.85985520025145 0.5018390818397838 0.2569513580974571 0.36906894117820643