6 0.37548828125 0.46484375 0.04736328125 0.13606770833333334
6 0.41845703125 0.4654947916666667 0.04345703125 0.134765625
6 0.46240234375 0.4654947916666667 0.04541015625 0.13606770833333334
6 0.50634765625 0.4661458333333333 0.0458984375 0.138671875
0 0.55126953125 0.466796875 0.0458984375 0.134765625
0 0.5966796875 0.466796875 0.0458984375 0.138671875
0 0.64404296875 0.4674479166666667 0.0478515625 0.13736979166666666
0 0.6923828125 0.4674479166666667 0.05029296875 0.140625
19 0.029296875 0.171875 0.05859375 0.21614583333333334
19 0.0927734375 0.17122395833333334 0.0673828125 0.216796875
19 0.17724609375 0.17122395833333334 0.1015625 0.22005208333333334
20 0.14453125 0.9010416666666666 0.08935546875 0.197265625
20 0.23583984375 0.90234375 0.09130859375 0.1953125
20 0.34033203125 0.8997395833333334 0.1044921875 0.19986979166666666
9 0.59228515625 0.69140625 0.0498046875 0.166015625
9 0.6396484375 0.6907552083333334 0.05029296875 0.166015625
9 0.68896484375 0.6927083333333334 0.05126953125 0.16927083333333334