25 0.6998123596380511 0.8554681075494892 0.21616674479063688 0.12305624758905553
23 0.738218304917627 0.7592792315660775 0.30313029761787064 0.14333116324635542
23 0.7454781735265644 0.6520825732050586 0.3069797277450575 0.14107749990194796
22 0.7093568939346507 0.5530433586482572 0.21448965029673653 0.10688038537052469
22 0.7124458460120514 0.4622292293973805 0.22833198491517592 0.11486170429009823
22 0.7184019837293575 0.3688703604506981 0.22379742119763466 0.11561923340024038
10 0.36916109323502494 0.8568908806755267 0.2470336647721032 0.0801558875680608
10 0.37135541750504936 0.7974926658389865 0.2560199492686513 0.10302360136351107
10 0.37323155048731976 0.7244225760024463 0.2639006331160272 0.10632877467469593
10 0.37308637462221433 0.6483289272131098 0.2640370008107789 0.11218814967469593
10 0.4023403495281727 0.5780378814657169 0.24006539400633478 0.08811247349114115
8 0.35423968783370546 0.5091502212157398 0.23997448220983353 0.08420622349114115
8 0.36107249915063305 0.4394886381361902 0.23362316118704385 0.09072925614848693
8 0.36439276514826985 0.3725846448931808 0.24215488670108642 0.09406571994393731
1 0.3688503368480816 0.2986631544937023 0.25388500067564906 0.0951172299107148
1 0.3634456897641109 0.2201219162052425 0.249498168627422 0.1022224152708569
1 0.36329886634070746 0.1579286377987733 0.23967901887120494 0.0715109109911411
24 0.11530194669157358 0.8327403464291484 0.1934891524615595 0.07075413035829681
24 0.11305830102783904 0.7782500513277503 0.19197922246950253 0.08970322765550054
24 0.11420219696320626 0.7156310726398118 0.19710800798089742 0.0865355827796237
24 0.11136029507663497 0.6494063822962811 0.19469702888179563 0.09471120209256223
4 0.1128654513273215 0.5743675222176081 0.20116198965021173 0.09307098193521623
4 0.11251407636179046 0.503385181311139 0.20364115259668936 0.08782505012227798
4 0.11213429145985283 0.4311821372796698 0.20045412811073185 0.09059828520095092
4 0.11471828598160312 0.36058474417739506 0.19661606195810774 0.0933402297953585
4 0.11757098146387353 0.2875615900672529 0.19281208772917147 0.09754701813976596
11 0.1365446573979169 0.22262927157161339 0.20214588169579106 0.07946168790374719
11 0.12406378178983274 0.14740594733123408 0.18489731195810769 0.092777001078581