18 0.29150390625 0.353515625 0.0361328125 0.031901041666666664
18 0.32861328125 0.3528645833333333 0.0361328125 0.032552083333333336
18 0.36376953125 0.3548177083333333 0.0361328125 0.031901041666666664
18 0.39990234375 0.3541666666666667 0.0361328125 0.033203125
7 0.22509765625 0.4088541666666667 0.0166015625 0.04296875
7 0.24072265625 0.4088541666666667 0.01611328125 0.044270833333333336
7 0.255859375 0.4088541666666667 0.01708984375 0.043619791666666664
7 0.27197265625 0.4095052083333333 0.01708984375 0.044270833333333336
19 0.4033203125 0.408203125 0.0146484375 0.04296875
19 0.41796875 0.408203125 0.0146484375 0.043619791666666664
19 0.43212890625 0.408203125 0.0146484375 0.043619791666666664
19 0.447265625 0.4088541666666667 0.0146484375 0.044270833333333336
17 0.2275390625 0.5208333333333334 0.0146484375 0.03125
17 0.2421875 0.5208333333333334 0.01513671875 0.031901041666666664
28 0.412109375 0.56640625 0.01220703125 0.026041666666666668
29 0.4248046875 0.5690104166666666 0.009765625 0.021484375
30 0.4375 0.5696614583333334 0.01171875 0.007161458333333333
30 0.4375 0.5774739583333334 0.01123046875 0.006510416666666667
30 0.4375 0.560546875 0.0107421875 0.0078125
32 0.2109375 0.6263020833333334 0.03564453125 0.05078125
31 0.2412109375 0.630859375 0.0341796875 0.037109375
31 0.2431640625 0.6106770833333334 0.03125 0.005208333333333333
9 0.4345703125 0.6315104166666666 0.00830078125 0.032552083333333336
9 0.44384765625 0.630859375 0.00927734375 0.03125
9 0.4541015625 0.630859375 0.00927734375 0.031901041666666664
20 0.20849609375 0.6959635416666666 0.02001953125 0.061197916666666664
20 0.22705078125 0.6953125 0.02001953125 0.061848958333333336
20 0.2451171875 0.6946614583333334 0.0185546875 0.060546875
20 0.26318359375 0.6946614583333334 0.017578125 0.060546875
20 0.2802734375 0.6940104166666666 0.01806640625 0.059244791666666664
20 0.29833984375 0.6946614583333334 0.01904296875 0.061197916666666664
21 0.3251953125 0.6966145833333334 0.0205078125 0.055989583333333336
21 0.3466796875 0.6953125 0.02001953125 0.057291666666666664
21 0.36767578125 0.6940104166666666 0.0205078125 0.057291666666666664
21 0.388671875 0.693359375 0.0205078125 0.057291666666666664
21 0.40966796875 0.6940104166666666 0.02001953125 0.055989583333333336
25 0.52587890625 0.279296875 0.01513671875 0.041015625
25 0.5400390625 0.279296875 0.0126953125 0.041015625
25 0.55322265625 0.279296875 0.01318359375 0.041015625
25 0.56689453125 0.279296875 0.013671875 0.041015625
25 0.47802734375 0.515625 0.0126953125 0.0390625
25 0.4912109375 0.515625 0.0126953125 0.0390625
25 0.50439453125 0.5162760416666666 0.013671875 0.037760416666666664
25 0.51806640625 0.5162760416666666 0.01318359375 0.037109375
23 0.5888671875 0.2734375 0.0224609375 0.0546875
23 0.611328125 0.2721354166666667 0.01953125 0.054036458333333336
22 0.6298828125 0.279296875 0.01611328125 0.0390625
22 0.64599609375 0.2799479166666667 0.0166015625 0.041015625
22 0.66357421875 0.279296875 0.0166015625 0.040364583333333336
27 0.712890625 0.28515625 0.07373046875 0.03125
27 0.7861328125 0.2838541666666667 0.0712890625 0.029296875
12 0.47216796875 0.3515625 0.013671875 0.04296875
13 0.4912109375 0.3522135416666667 0.01416015625 0.04296875
13 0.5048828125 0.3522135416666667 0.01318359375 0.043619791666666664
13 0.5185546875 0.3522135416666667 0.01416015625 0.04296875
10 0.55712890625 0.3483072916666667 0.015625 0.052083333333333336
10 0.572265625 0.3483072916666667 0.01513671875 0.052734375
10 0.5869140625 0.34765625 0.0146484375 0.052083333333333336
10 0.6015625 0.34765625 0.0146484375 0.052083333333333336
10 0.61474609375 0.3483072916666667 0.01220703125 0.052083333333333336
8 0.6298828125 0.3509114583333333 0.01416015625 0.044270833333333336
8 0.64501953125 0.3502604166666667 0.01416015625 0.044921875
8 0.658203125 0.3502604166666667 0.013671875 0.044921875
1 0.67138671875 0.3502604166666667 0.0126953125 0.046223958333333336
1 0.685546875 0.3502604166666667 0.0146484375 0.046223958333333336
1 0.70068359375 0.3502604166666667 0.013671875 0.045572916666666664
2 0.7158203125 0.3470052083333333 0.01611328125 0.051432291666666664
2 0.73193359375 0.3470052083333333 0.01416015625 0.052083333333333336
26 0.51220703125 0.41015625 0.013671875 0.040364583333333336
24 0.525390625 0.4114583333333333 0.01416015625 0.0390625
24 0.53857421875 0.4108072916666667 0.013671875 0.040364583333333336
24 0.552734375 0.4108072916666667 0.0126953125 0.039713541666666664
24 0.56591796875 0.41015625 0.013671875 0.039713541666666664
24 0.5791015625 0.4108072916666667 0.01318359375 0.038411458333333336
24 0.59326171875 0.4108072916666667 0.01318359375 0.037109375
4 0.60986328125 0.4108072916666667 0.013671875 0.041015625
4 0.625 0.4108072916666667 0.015625 0.041666666666666664
4 0.64013671875 0.4108072916666667 0.0146484375 0.039713541666666664
4 0.6552734375 0.4108072916666667 0.01416015625 0.041015625
4 0.669921875 0.4114583333333333 0.01513671875 0.041666666666666664
11 0.68310546875 0.408203125 0.01123046875 0.044270833333333336
11 0.69775390625 0.408203125 0.015625 0.044921875
11 0.7119140625 0.4095052083333333 0.01416015625 0.046223958333333336
11 0.72607421875 0.4075520833333333 0.01318359375 0.044270833333333336
15 0.560546875 0.4694010416666667 0.01513671875 0.0390625
15 0.57470703125 0.4700520833333333 0.013671875 0.041015625
15 0.5888671875 0.4694010416666667 0.013671875 0.038411458333333336
15 0.6025390625 0.4694010416666667 0.0126953125 0.038411458333333336
15 0.61669921875 0.4694010416666667 0.013671875 0.039713541666666664
15 0.6298828125 0.4680989583333333 0.01318359375 0.0390625
16 0.548828125 0.5638020833333334 0.00927734375 0.029947916666666668
16 0.55712890625 0.5638020833333334 0.00830078125 0.028645833333333332
16 0.5654296875 0.5638020833333334 0.0087890625 0.029296875
16 0.57421875 0.5638020833333334 0.0087890625 0.029296875
16 0.5830078125 0.5638020833333334 0.0087890625 0.029296875
16 0.59228515625 0.5631510416666666 0.009765625 0.028645833333333332
16 0.6015625 0.5631510416666666 0.00927734375 0.029947916666666668
14 0.61181640625 0.5631510416666666 0.00927734375 0.03125
14 0.6220703125 0.5625 0.00927734375 0.030598958333333332
14 0.63134765625 0.5631510416666666 0.00927734375 0.030598958333333332
14 0.6416015625 0.5631510416666666 0.01025390625 0.03125
5 0.63525390625 0.6920572916666666 0.06103515625 0.049479166666666664
27 0.75341796875 0.6998697916666666 0.07177734375 0.034505208333333336