6 0.10302734375 0.5110677083333334 0.103515625 0.30859375
6 0.20361328125 0.5123697916666666 0.109375 0.3151041666666667
6 0.302734375 0.5104166666666666 0.107421875 0.3157552083333333
6 0.40673828125 0.5078125 0.1044921875 0.3157552083333333
0 0.5126953125 0.5084635416666666 0.10205078125 0.3157552083333333
0 0.62158203125 0.5045572916666666 0.10693359375 0.3203125
0 0.73046875 0.5006510416666666 0.10791015625 0.3190104166666667
0 0.84423828125 0.501953125 0.12109375 0.3268229166666667
9 0.61474609375 0.90234375 0.10986328125 0.1953125
9 0.720703125 0.90234375 0.115234375 0.19466145833333334
9 0.8369140625 0.90234375 0.12158203125 0.19466145833333334