24 0.19567844298614237 0.13805850346234472 0.22185865922160453 0.10137263030901827
24 0.17394858559621532 0.2082464772782377 0.22525998687348703 0.1088562812560614
24 0.15004637050431707 0.2773183854217179 0.22727956881766212 0.10364461970310457
24 0.1212813122301598 0.3549402077696333 0.2205299501312832 0.11293194811197504
24 0.10463253682773514 0.43345388418959196 0.20926507365547029 0.11438680720310468
4 0.08880513325839749 0.532729498393421 0.17761026651679498 0.12369402434349497
4 0.0756084415264933 0.6200023236298787 0.1512168830529866 0.13062964725975745
4 0.062036413115198225 0.710040411839858 0.12407282623039645 0.134924573679716
4 0.046438200044628564 0.7953401830516853 0.09287640008925713 0.1150944286033706
15 0.4875384150117091 0.3016668223630691 0.25676239432339837 0.11903039082131872
15 0.4632775043385375 0.38005593230581003 0.2590875277831657 0.12256793371910102
15 0.43711661273104685 0.4578371868507687 0.26521262311157096 0.12536806241244824
15 0.4123242614010647 0.5411091092935096 0.27188247197528087 0.12723148665505613
15 0.3861567670784745 0.6279833540373594 0.26873355177330954 0.12800875890875218
15 0.3622147745235367 0.7154853832036221 0.27952222689974376 0.13206445644692488