25 0.10221354166666667 0.43505859375 0.16145833333333334 0.2080078125
23 0.3359375 0.408203125 0.18815104166666666 0.27490234375
23 0.5182291666666666 0.41162109375 0.17643229166666666 0.26513671875
22 0.6751302083333334 0.44580078125 0.13671875 0.18701171875
22 0.8118489583333334 0.453125 0.138671875 0.1796875
22 0.9264322916666666 0.45263671875 0.126953125 0.1806640625
10 0.03125 0.82470703125 0.0625 0.322265625
10 0.146484375 0.81982421875 0.16015625 0.3125
10 0.2994791666666667 0.80859375 0.15169270833333334 0.30224609375
10 0.4446614583333333 0.80029296875 0.14518229166666666 0.2958984375
10 0.548828125 0.76708984375 0.10872395833333333 0.25146484375
8 0.693359375 0.80029296875 0.169921875 0.24169921875
8 0.8203125 0.79296875 0.12565104166666666 0.2314453125
8 0.9244791666666666 0.78271484375 0.115234375 0.22314453125