18 0.2617806537602845 0.4978568755806256 0.03745416066064752 0.037550815468500254
18 0.29514769247441364 0.4887932551948742 0.03703416731293596 0.038811178156146355
18 0.32713524731640364 0.48148240091285116 0.03647759816064755 0.03746737417712579
18 0.3590374422805328 0.4725439424641615 0.03745416066064755 0.037550815468500254
7 0.20861077276842005 0.5641990476574991 0.020774044324379015 0.04390309286944749
7 0.22237314061327074 0.5600803217554134 0.020774044324379015 0.04390309286944749
7 0.23594258375983784 0.5569590186761713 0.021330613476667537 0.045246896848468054
7 0.2502103048302607 0.5531240929617317 0.021818894726667537 0.04528861749415528
19 0.36934245071406613 0.5194024537998327 0.01934334452552333 0.044428972599052464
19 0.38338310313506113 0.5159139092415701 0.0197633378732347 0.04316860991140651
19 0.3956806272299118 0.5119203452765461 0.019309200574378904 0.043777930932385946
19 0.4097212796509068 0.5084318007182834 0.020285763074379015 0.04386137222376026
17 0.22578061594292462 0.662460746004829 0.0178204788072146 0.03392886464101149
17 0.23887884981506388 0.6597066844046074 0.01827461610607034 0.0333195436200319
28 0.3996838348868054 0.6583921042858668 0.01493520119233882 0.025256719745908818
29 0.4118908661368054 0.6573490881436864 0.012777212485473033 0.021183587163159896
30 0.42357547218566116 0.6556967509805266 0.011117770962587148 0.008079312538452102
30 0.4246493335721041 0.6621445866786624 0.011151914913731575 0.00873035420511877
30 0.42254088771735243 0.645321804959547 0.010175352413731575 0.008646912913744309
30 0.4241355012303374 0.6383189848767982 0.011117770962587148 0.008079312538452102
32 0.22533819016628487 0.761573345930232 0.04228229734154337 0.0554627056339978
31 0.2534485059924292 0.7598254504698835 0.037761456220946066 0.043410190468499955
31 0.2516576216319561 0.7397057397717477 0.030785596767164414 0.012352305032607683
9 0.4299981086363589 0.7126963731273827 0.01238109715492608 0.03216785420511877
9 0.43795231740792595 0.7100548574735436 0.013880084856070285 0.03294405780884683
9 0.44766672648120953 0.7082438820597993 0.012903522356070285 0.032860616517472664
20 0.23199470130800268 0.827708411733265 0.027067024755274893 0.061940144972007026
20 0.24914089395170907 0.8226465996447021 0.02651045560298626 0.06059634099298646
20 0.2657646613942712 0.8169754665351597 0.025079755804130577 0.061122220722591436
20 0.282229648089694 0.8129527979151278 0.02504561185298626 0.06047117905592477
20 0.2979280689589725 0.8083416685969599 0.02504561185298626 0.06047117905592477
20 0.3146030523282511 0.8036470979874175 0.026090462255274893 0.06185670368063256
21 0.33931760434695746 0.7979386158907028 0.027907011450697627 0.05941941959671482
21 0.3583998500150917 0.7923844003860577 0.026862161048409106 0.058033894972007026
21 0.37746502370765384 0.7865046640480794 0.02741873020069774 0.05937769895102759
21 0.3965472693757881 0.7809504485434342 0.027350442298409217 0.058075615617694254
21 0.4166060775439223 0.7753127917474147 0.028361148749553422 0.05881009857573538
25 0.46217938437891415 0.37708151925679684 0.018581911666369022 0.039178918620032054
25 0.4747210490987648 0.37306709496892915 0.017082923965224595 0.038402715016303844
25 0.48661565182147626 0.37074285581625904 0.017082923965224595 0.03840271501630369
25 0.4991743885168991 0.3670539523617247 0.017082923965224595 0.038402715016303844
25 0.45284858291167984 0.5966280841985035 0.017605349166369022 0.039095477328657736
25 0.4649190383571027 0.5929809013896564 0.017117067916369022 0.03905375668297036
25 0.47674535317752553 0.589354578903653 0.016594642715224595 0.038360994370616464
25 0.4898435870496648 0.5866005173034314 0.018616055617513227 0.03982996028669872
23 0.5189259011247347 0.3555569205657052 0.025646590890399112 0.0533931620139659
23 0.5375198655428689 0.3500444257067474 0.02460174048811048 0.0520076373892581
22 0.5547804290485904 0.3518394114410281 0.020046755416369022 0.03930408055709363
22 0.5700247126190132 0.3479210444352141 0.021023317916369022 0.03938752184846809
22 0.5847465709882917 0.3433933564084206 0.01900190501408039 0.037918555932385946
27 0.6304572167569982 0.33589088654715554 0.07086214936751323 0.044294069375230984
27 0.6952723131364009 0.31858157002506843 0.0693290177152246 0.042866824104836
12 0.4244313127547863 0.45224235747354363 0.019695049970946066 0.04186652657807318
13 0.44157750539849266 0.4471805453849807 0.019240912672090382 0.04247584759905262
13 0.45417038604505977 0.4441426835971131 0.0182984941232347 0.04304344797434482
13 0.4664849821154826 0.44047464046542234 0.0187867753732347 0.043085168620032054
10 0.5002207982506068 0.42909065360065046 0.021115483835821847 0.050413509536114155
10 0.5139831660954575 0.42497192769856484 0.02059305863467764 0.04972074722376026
10 0.5270643279920246 0.4218923452650099 0.019684784036966274 0.050939389265719136
10 0.5393789240624475 0.41822430213331924 0.02010477738467764 0.04967902657807318
10 0.5524088700322982 0.4141681571997644 0.01916235883582207 0.05024662695336538
8 0.5656095357578703 0.4133672205995429 0.018435069927811742 0.04564761464101149
8 0.5786906976544375 0.41028763816598796 0.018820919324379126 0.04373621028669872
8 0.5900628751760045 0.4073540779923384 0.017356075574378904 0.04361104834963717
1 0.6026216118714274 0.4036651745378041 0.018400925976667537 0.04499657297434482
1 0.6154415611674223 0.4002809315937595 0.018889207226667537 0.045038293620032054
1 0.6289939323384173 0.3968341076811841 0.01885506327552333 0.04438725195336538
2 0.6421655870798351 0.39080397742478556 0.02160376508582207 0.05045523018180139
2 0.6558938109735415 0.38603420985603326 0.02062720258582207 0.05037178889042693
26 0.4688135768348867 0.4942272986111096 0.01770778101980186 0.04104860232865759
24 0.48140645748145383 0.49118943682324195 0.018616055617513227 0.03982996028669872
24 0.49326691625302094 0.4882141560039051 0.01760534916636891 0.03909547732865759
24 0.5048832343995882 0.48525973550741197 0.01659464271522465 0.03836099437061661
24 0.5164995525461552 0.4823053150109187 0.017571205215224595 0.03844443566199107
24 0.528814148616578 0.478637271879228 0.017605349166369022 0.03909547732865759
24 0.5419123824887173 0.4758832102790065 0.018581911666369022 0.039178918620032054
4 0.5570883781568516 0.4706627599398591 0.018059486465224595 0.0384861563076783
4 0.5706578213034187 0.46754145686061704 0.01917262476980186 0.04117376426571928
4 0.5839660518494136 0.46411549327088525 0.01819606226980186 0.04109032297434482
4 0.5970301417704087 0.46071039000399705 0.01868434351980186 0.041132043620032054
4 0.6098330190908314 0.45700062622661913 0.019206768720946066 0.041824805932385946
11 0.6226239574026721 0.44838718962639756 0.0182984941232347 0.04304344797434497
11 0.6357563352259556 0.44628416969284274 0.017741924970946066 0.041699643995324255
11 0.6481050752475228 0.4432671682278187 0.018264350172090493 0.042392406307678154
11 0.6607320998452342 0.4408803481066177 0.01777606892209027 0.04235068566199107
15 0.5214283342626986 0.5342009054386595 0.017151211867513227 0.03970479834963717
15 0.5345094961592657 0.5311213230051047 0.018127774367513227 0.03978823964101149
15 0.5473294454552606 0.5277370800610601 0.01861605561751345 0.03982996028669872
15 0.5594340448518278 0.5247409389188796 0.019206768720946066 0.041824805932385946
15 0.5717144969711063 0.5204218541205223 0.017673637068657655 0.040397560661990926
15 0.5833308151176735 0.5174674336240291 0.017185355818657433 0.04035584001630369
16 0.5243117113166058 0.6219120318652315 0.011302102801493241 0.03013128791374431
16 0.5315676421643174 0.6199841388465899 0.011790384051493241 0.03017300855943154
16 0.539345998213173 0.6186655668489277 0.011790384051493241 0.03017300855943154
16 0.5473002069847401 0.6160240511950886 0.012244521350348814 0.029563687538452104
16 0.5555327003324515 0.6140127168850726 0.011790384051493241 0.03017300855943154
16 0.564253474930163 0.6119596619293693 0.012210377399204608 0.028912645871785436
16 0.5726788929761579 0.6089509047965098 0.012278665301493241 0.03021472920511877
14 0.5818879488238694 0.6068561291951193 0.012801090502637447 0.030907491517472668
14 0.5910799326960086 0.6044358327603955 0.012278665301493241 0.03021472920511877
14 0.5995565666687201 0.6024036381275358 0.011790384051493241 0.03017300855943154
14 0.608714406589715 0.5993323000261453 0.013289371752637447 0.030949212163159896
5 0.6251825119479762 0.7169457498000472 0.06058771124955342 0.06156366119109169
27 0.7336817082268068 0.6955769146556209 0.06921631992781174 0.0499865617924821