1 0.9068525876717525 0.18733468356199895 0.18432471336951206 0.23020477373250514
1 0.7517177420935258 0.16652885491544805 0.18891989179169788 0.23144033441723677
1 0.6026636037709553 0.14876007068031868 0.20151700399147776 0.2380027044900797
4 0.9373929555409068 0.5521738532983012 0.09683690903452913 0.26908112175990073
4 0.8121302531183089 0.5350231377228438 0.23508506290097606 0.282784441783201
11 0.6261148034063915 0.5029198371488476 0.16747841327928548 0.26481331224357874
11 0.4912534829722059 0.47250031309291307 0.2039417563446874 0.30050270449007965
11 0.3383972832273125 0.451823983538728 0.2091620662329349 0.3178515464248113
11 0.18130931264908567 0.4309071556701493 0.19980121898872868 0.31098589380534813
2 0.39227894513740197 0.1309312795716505 0.22585877639186272 0.22915478838576558
2 0.2094239868700206 0.10145438395103401 0.2126624429266255 0.1904028555535986