18 0.7969534267189827 0.5354789095712972 0.03722886856156116 0.034945194402083324
18 0.7626790864252659 0.5288919105766935 0.03730858466008291 0.03624727773541666
18 0.7304774452793317 0.5243186492340575 0.03625230606156116 0.03491488807609958
18 0.6976878777602453 0.518102630561763 0.03722886856156116 0.034945194402083324
7 0.8577692025256061 0.597473183808016 0.020657179451951446 0.042878375364033605
7 0.8436937547035628 0.5944371519960802 0.020657179451951446 0.042878375364033605
7 0.8299222345804109 0.5923852592656403 0.0212251768004732 0.04419561186035873
7 0.8151342939079982 0.5896520185425501 0.0217134580504732 0.044210765023350675
19 0.6932533675816528 0.5650758539502178 0.019232193751212323 0.04348395754172459
19 0.6792177778088704 0.5626908638049487 0.01964075890269079 0.0421970273713832
19 0.6663829621364576 0.560018235733826 0.019192335701951446 0.04283291587505792
19 0.6521032317386752 0.5576256690070609 0.020168898201951446 0.04286322220104166
17 0.8531053675378768 0.6964236683888609 0.017617902463039403 0.03303698454907433
17 0.8398619867139856 0.6950379704880797 0.01855460691377875 0.03241624920839096
28 0.6809463285705055 0.7063513512748995 0.01461848352338846 0.023846635400781285
29 0.6687392973205055 0.7059725222001019 0.01295434952708474 0.02054596757847212
30 0.6570006182958751 0.7052833254549631 0.011180626041868758 0.007494827919155196
30 0.6569109175384831 0.7117785889586378 0.011220484091129634 0.008145869585821567
30 0.6566070301327025 0.6948742353697924 0.010243921591129634 0.008115563259837977
30 0.6542353956154641 0.6879776852178248 0.011180626041868758 0.007494827919155196
32 0.8659797995008869 0.7952686251707474 0.04221128589160261 0.05264454470601857
31 0.8379833437244084 0.7956994016320467 0.03758759100490838 0.04080456940208362
31 0.8374801660723239 0.7755398397098677 0.030831450189651166 0.01005407943883115
9 0.6578225797558248 0.7624916497251742 0.012655373864518094 0.031583369585821565
9 0.6496662940076727 0.7606140183691412 0.013671794413778748 0.03226471757847212
9 0.6398408819337816 0.7593343926093032 0.012695231913778748 0.032234411252488236
20 0.8678480549004877 0.861606685937284 0.0271044405319929 0.06062318515694424
20 0.850334709303814 0.8581390611510714 0.02653644318347137 0.05930594866061926
20 0.8332498578832495 0.8537100270278509 0.02507159943347137 0.05926048917164373
20 0.8165087922108366 0.8509161736527932 0.025031741384210493 0.058609447504976764
20 0.8002161497391631 0.8474864317740604 0.025031741384210715 0.05860944750497706
20 0.7831910853924895 0.8440339601508399 0.026088019982732025 0.059941837164293986
21 0.7581093804208159 0.8403314613382532 0.027921570834949616 0.05804932481626146
21 0.7386229807995119 0.8364777030667397 0.026377010986428084 0.056701781993952594
21 0.7190967231289471 0.8319729031285599 0.027433289584949616 0.058034171653269816
21 0.6995903944830129 0.827793624023713 0.026865292236428084 0.05671693515694454
21 0.6788832917367089 0.8239019828447199 0.027841854736428306 0.056747241482928125
25 0.5836594706556031 0.4307391002145695 0.018425048107125974 0.038260471045399314
25 0.57104886658356 0.4277485278916094 0.01736876950860422 0.036928081386082244
25 0.5587820482596688 0.4263931363168119 0.01736876950860422 0.036928081386082244
25 0.5459273035626255 0.4233949874123559 0.01736876950860422 0.03692808138608209
25 0.6206337707090773 0.6485964244530099 0.017408627557865097 0.03757912305274891
25 0.6082872362866645 0.6459389495448792 0.01692034630786532 0.03756396988975682
25 0.5961848424892517 0.6432890512182442 0.01688048825860422 0.0369129282230903
25 0.5829215326407302 0.6415778324841296 0.01846490615638663 0.03891151271206598
23 0.5251056189979745 0.4136515478148588 0.025609723391602612 0.052129337164293986
23 0.5058434309770401 0.40947984529150805 0.024025305493820204 0.0501307526753183
22 0.4892169471229745 0.41253779033495425 0.020378173107125974 0.03832108369736694
22 0.47347237297519207 0.41009976411921345 0.020826596307865097 0.03768519519369207
22 0.45840043362851857 0.4067079051479605 0.018833613258604442 0.03697354087505792
27 0.4123425639314754 0.4026793411600555 0.0711195650578651 0.03924597098185778
27 0.3460310070183027 0.3902245740709784 0.06957500520934357 0.037898428159548615
12 0.630464537750399 0.5026954462281981 0.019561042804169038 0.040894944038049864
13 0.6129312631290951 0.4989023006086522 0.019112619603429915 0.04153083254172459
13 0.6001363055059431 0.4968807142041962 0.018136057103429915 0.041500526215740706
13 0.5875456304585304 0.4942156627145695 0.018624338353429915 0.04151567937873265
10 0.5526634347670312 0.48566038555697394 0.020567478694559327 0.049373638867708326
10 0.5385879869449881 0.48262435374503815 0.020527620645298672 0.04872259720104166
10 0.5252848190472057 0.48026209334425696 0.019102634944559327 0.04932817937873265
10 0.512694143999793 0.4775970418546301 0.020039339395298672 0.048707444038049864
10 0.4993511180527498 0.4745837397871822 0.018574495645298672 0.048661984549074035
8 0.48620738235201055 0.4748256460530677 0.01829548930047309 0.04410469288240737
8 0.4729241434788586 0.4727889064856197 0.01866419640269079 0.042166721045399314
8 0.4611057483557066 0.47079762640714745 0.017239210701951446 0.0427723032230903
1 0.44849514428366344 0.46780705408418743 0.018255631251212323 0.043453651215740706
1 0.43521190541051147 0.4657703145167395 0.018743912501212323 0.04346880437873265
1 0.42142045626272906 0.46339290095296626 0.018704054451951446 0.04281776271206598
2 0.40771371554290353 0.4584188973040224 0.021055759944559438 0.04938879203070027
2 0.39359840967159954 0.45473182382541993 0.020079197444559438 0.049358485704716536
26 0.5920546226475457 0.5479644831220493 0.017528201705647506 0.03953224805274876
24 0.5792596650243937 0.5459428967175932 0.01846490615638663 0.03891151271206598
24 0.5669330596266113 0.5436109426427957 0.01740862755786532 0.03757912305274891
24 0.5551146645034594 0.5416196625643236 0.016432065057865097 0.03754881672676517
24 0.5435404100053074 0.5396359590673473 0.017857050758604442 0.036943234549074035
24 0.5307055943328947 0.5369633309962245 0.01740862755786532 0.03757912305274891
24 0.517442284484373 0.5352521122621099 0.018425048107125974 0.038260471045399314
4 0.5018621348630691 0.5315195792945318 0.017896908807865097 0.037594276215740706
4 0.48807068571528667 0.5291421657307586 0.019032903504908383 0.04022874920839126
4 0.47452337719250437 0.5267723287484815 0.018016482955647506 0.039547401215740706
4 0.46122020929472196 0.5244100683477001 0.018544622254908383 0.040213596045399314
4 0.44789711237230917 0.5217222871135855 0.01907276155416915 0.04087979087505792
11 0.43427508008044047 0.5141516933794709 0.018136057103429915 0.041500526215740706
11 0.4210516282811797 0.513091516312023 0.017568059754908383 0.04018328971941543
11 0.4085008112830277 0.5110775064890629 0.01809619905416915 0.040849484549074035
11 0.3957257826845061 0.5093814409179402 0.017607917804169038 0.04083433138608209
15 0.5450200695711708 0.591666256330209 0.016960204357125974 0.03821501155642363
15 0.5317368306980188 0.589629516762761 0.017936766857125974 0.03824531788240737
15 0.5184336628002364 0.5872672563619797 0.01846490615638663 0.03891151271206598
15 0.5063711270520845 0.5852683997020115 0.019072761554169093 0.04087979087505792
15 0.49349645333041087 0.5819447299642221 0.01748834365638674 0.03888120638608209
15 0.4819022698076285 0.5796355056339125 0.017039920455647506 0.039517094889756965
16 0.5533106646967474 0.6793222794748269 0.01103109791747503 0.028933743430179366
16 0.5459266588728562 0.6781184195299484 0.011519379167474808 0.02894889659317131
16 0.5380942298482257 0.6775504480887448 0.011519379167474808 0.02894889659317131
16 0.5296738744504434 0.6753397193178824 0.01200766041747503 0.028964049756163252
16 0.5215574467515522 0.6741131296285161 0.01151937916747503 0.02894889659317131
16 0.5126886681530306 0.6725382893613286 0.011967802368214153 0.028313008089496588
16 0.5037800315052482 0.6703124074274744 0.012047518466735685 0.02961509142282992
14 0.49442297165672666 0.668722413997295 0.01306393901599634 0.030296439415480176
14 0.4853100524332051 0.6671399971486115 0.012047518466735685 0.02961509142282992
14 0.4764412738346835 0.6655651568814241 0.011519379167474808 0.02894889659317131
14 0.4670443559369011 0.663324121784578 0.01306393901599634 0.030296439415480325
5 0.4655293874269957 0.7818664690173905 0.06051684043716743 0.057111461736718695
27 0.3555764457127142 0.7690320563405386 0.06952516250121232 0.04504473332989001