25 0.3233538768457013 0.4985258968671201 0.20626079580411005 0.10977309697528082
25 0.3269739509390011 0.42983272077783863 0.2079635969299868 0.10696298362306322
25 0.32889122390642433 0.36418880633633954 0.22658473807216728 0.12024618220310468
25 0.3305834049810827 0.2882511275955796 0.23766893506982933 0.12869641099127735
12 0.6215855573897223 0.787285154151109 0.2377940970068909 0.13016125474127715
13 0.6372290419935119 0.7176104635255027 0.23500655909314672 0.12027605559349475
13 0.6482773869585972 0.6592608944436134 0.2398811272609822 0.11668866998758132
13 0.665661021675436 0.5946334408444857 0.2541118593192449 0.13164598722279708
10 0.6912865990602328 0.38519577119364296 0.3311511245616468 0.16162028788778826
10 0.7137999964624103 0.2925220594030161 0.3557985232865762 0.17721533391117672
10 0.7325158171373208 0.19369998160869323 0.3872648718623113 0.2043995711279124
26 0.9189448245970234 0.6838849168316679 0.16211035080595307 0.13532323475854513
24 0.9396809127887762 0.6031591589708458 0.12063817442244762 0.10304691013663514
24 0.9500985774251731 0.5275702986007837 0.09980284514965376 0.10732186723885273
24 0.9604182484426919 0.4470238616685247 0.07916350311461635 0.1112182131662034
24 0.9784107051956448 0.3585304138932882 0.04317858960871046 0.11294225511573042
24 0.9951762755744745 0.2644815188169428 0.00964744885105103 0.11527415246303963
23 0.2841048703203832 0.13108427158324962 0.34815190789959466 0.21657680957374326