4 0.5474607129295882 0.2784833806511835 0.31623296768298825 0.14122831691431445
4 0.5111090975207965 0.3717299535241457 0.33535227058773903 0.15638746616256494
4 0.4749966841317171 0.4748161508784598 0.3398032741230435 0.15566990184729657
4 0.43779481739617604 0.5879121138577739 0.3608623891493002 0.17676242557689892
4 0.3940227872131877 0.7102150634163424 0.37830760026095006 0.1884296065937976
10 0.8704637521340234 0.2990510175217902 0.2241037005138183 0.18645960581292267
10 0.8507735534543072 0.40773788000867883 0.2326605397782379 0.12240619333914537
8 0.8696606331234774 0.45990662028402673 0.18425756730368606 0.12353746278844957
8 0.8546406169568895 0.5587872157196332 0.19346512588988762 0.13085439691723671
8 0.8308448511687958 0.6630646893967902 0.19992239849087312 0.13073611307399613
1 0.792786022943111 0.7810249650057663 0.20374887866820401 0.14211458078669992
1 0.7644663014087328 0.9118212674562335 0.17781350013289968 0.14161115365966226
11 0.36754990254744757 0.8420989275888374 0.38463206642188047 0.17520172848190896
24 0.5715488785272226 0.19559414031173022 0.2986151189440962 0.11014088511944364
15 0.16493336533425984 0.14276178793122285 0.2414429458389907 0.12581687746793263
15 0.15066402252645386 0.23775463323716717 0.27689143447608905 0.14238930148308182
15 0.12269867445699788 0.3280160189991155 0.24539734891399576 0.14405371317888693