15 0.4635416666666667 0.12451171875 0.09244791666666667 0.1689453125
15 0.55859375 0.12451171875 0.09309895833333333 0.1689453125
15 0.6595052083333334 0.11767578125 0.10091145833333333 0.17529296875
15 0.7688802083333334 0.11181640625 0.109375 0.181640625
15 0.8815104166666666 0.10546875 0.11067708333333333 0.18359375
15 0.9654947916666666 0.10107421875 0.06901041666666667 0.18017578125
25 0.0390625 0.3212890625 0.078125 0.140625
25 0.11197916666666667 0.32177734375 0.09309895833333333 0.140625
25 0.20833333333333334 0.3203125 0.12109375 0.1435546875
16 0.3880208333333333 0.505859375 0.057942708333333336 0.1064453125
16 0.4446614583333333 0.50927734375 0.051432291666666664 0.10693359375
16 0.4967447916666667 0.51220703125 0.052083333333333336 0.109375
16 0.552734375 0.51513671875 0.055338541666666664 0.115234375
16 0.6119791666666666 0.51513671875 0.05859375 0.1123046875
16 0.671875 0.51904296875 0.064453125 0.10986328125
16 0.736328125 0.52294921875 0.06966145833333333 0.1171875
14 0.8294270833333334 0.52294921875 0.072265625 0.12841796875
14 0.9036458333333334 0.5283203125 0.07486979166666667 0.1298828125
14 0.9700520833333334 0.5283203125 0.059244791666666664 0.13134765625
5 0.884765625 0.93505859375 0.22981770833333334 0.1298828125