6 0.2119140625 0.5358072916666666 0.005859375 0.01953125
6 0.2177734375 0.5358072916666666 0.00537109375 0.020182291666666668
0 0.23486328125 0.5358072916666666 0.005859375 0.01953125
0 0.2412109375 0.5358072916666666 0.00634765625 0.020182291666666668
0 0.24755859375 0.5358072916666666 0.00537109375 0.01953125
0 0.2529296875 0.5358072916666666 0.0048828125 0.01953125
18 0.3369140625 0.4446614583333333 0.0263671875 0.0234375
18 0.3623046875 0.4440104166666667 0.02587890625 0.0234375
18 0.3876953125 0.4440104166666667 0.025390625 0.0234375
18 0.41259765625 0.4427083333333333 0.02490234375 0.0234375
7 0.2861328125 0.4869791666666667 0.01025390625 0.031901041666666664
7 0.296875 0.4869791666666667 0.0107421875 0.031901041666666664
7 0.3076171875 0.4876302083333333 0.0107421875 0.032552083333333336
7 0.3193359375 0.486328125 0.01123046875 0.033854166666666664
19 0.4130859375 0.484375 0.0107421875 0.033854166666666664
19 0.423828125 0.484375 0.0107421875 0.03515625
19 0.4345703125 0.484375 0.01025390625 0.033854166666666664
19 0.44580078125 0.4830729166666667 0.01123046875 0.034505208333333336
17 0.2861328125 0.5716145833333334 0.009765625 0.0234375
17 0.2958984375 0.5709635416666666 0.01171875 0.0234375
28 0.4189453125 0.609375 0.00927734375 0.01953125
29 0.42822265625 0.611328125 0.0087890625 0.014973958333333334
30 0.4384765625 0.6119791666666666 0.009765625 0.006510416666666667
30 0.43798828125 0.6184895833333334 0.009765625 0.005208333333333333
30 0.439453125 0.6061197916666666 0.00732421875 0.005859375
32 0.2724609375 0.6536458333333334 0.0302734375 0.037760416666666664
31 0.29150390625 0.6575520833333334 0.0244140625 0.030598958333333332
9 0.4365234375 0.6640625 0.0068359375 0.025390625
9 0.44287109375 0.6647135416666666 0.00830078125 0.026692708333333332
9 0.45068359375 0.6647135416666666 0.0078125 0.02734375
20 0.26708984375 0.7083333333333334 0.01220703125 0.047526041666666664
20 0.27978515625 0.708984375 0.01220703125 0.049479166666666664
20 0.29296875 0.7096354166666666 0.01318359375 0.048828125
20 0.30615234375 0.7109375 0.0126953125 0.048828125
20 0.31884765625 0.7109375 0.01220703125 0.049479166666666664
20 0.33349609375 0.7115885416666666 0.0166015625 0.05078125
21 0.35205078125 0.7141927083333334 0.015625 0.047526041666666664
21 0.36767578125 0.7141927083333334 0.01611328125 0.048177083333333336
21 0.3837890625 0.71484375 0.0146484375 0.048177083333333336
21 0.3994140625 0.7154947916666666 0.015625 0.046875
21 0.41650390625 0.7154947916666666 0.01953125 0.047526041666666664
25 0.50634765625 0.3821614583333333 0.0107421875 0.029947916666666668
25 0.5166015625 0.3821614583333333 0.01123046875 0.030598958333333332
25 0.52734375 0.3815104166666667 0.01123046875 0.03125
25 0.53857421875 0.3802083333333333 0.01123046875 0.029947916666666668
25 0.46923828125 0.5690104166666666 0.009765625 0.029296875
25 0.47998046875 0.5690104166666666 0.01025390625 0.030598958333333332
25 0.49072265625 0.5696614583333334 0.01025390625 0.030598958333333332
25 0.501953125 0.5690104166666666 0.013671875 0.031901041666666664
23 0.55712890625 0.3736979166666667 0.01513671875 0.04296875
23 0.5732421875 0.3736979166666667 0.01611328125 0.04296875
22 0.58740234375 0.37890625 0.0126953125 0.029947916666666668
22 0.60107421875 0.37890625 0.01318359375 0.03125
22 0.615234375 0.3776041666666667 0.01416015625 0.032552083333333336
27 0.65869140625 0.3782552083333333 0.060546875 0.0234375
27 0.72119140625 0.376953125 0.0634765625 0.025390625
12 0.4658203125 0.439453125 0.01416015625 0.033203125
13 0.4794921875 0.439453125 0.01123046875 0.033854166666666664
13 0.490234375 0.439453125 0.01123046875 0.034505208333333336
13 0.5009765625 0.4388020833333333 0.01123046875 0.034505208333333336
10 0.53076171875 0.4342447916666667 0.01171875 0.039713541666666664
10 0.54248046875 0.4342447916666667 0.01220703125 0.039713541666666664
10 0.5546875 0.4342447916666667 0.01171875 0.039713541666666664
10 0.56640625 0.4342447916666667 0.01123046875 0.0390625
10 0.578125 0.4342447916666667 0.01318359375 0.037760416666666664
8 0.58984375 0.4361979166666667 0.01025390625 0.034505208333333336
8 0.6015625 0.4348958333333333 0.01123046875 0.033854166666666664
8 0.61279296875 0.4348958333333333 0.01123046875 0.036458333333333336
1 0.6240234375 0.4342447916666667 0.0107421875 0.035807291666666664
1 0.6357421875 0.4329427083333333 0.01123046875 0.035807291666666664
1 0.646484375 0.4329427083333333 0.0107421875 0.037760416666666664
2 0.66162109375 0.4309895833333333 0.013671875 0.042317708333333336
2 0.67529296875 0.4309895833333333 0.01318359375 0.04296875
26 0.49462890625 0.484375 0.01123046875 0.031901041666666664
24 0.50732421875 0.4856770833333333 0.01025390625 0.03125
24 0.517578125 0.4850260416666667 0.01123046875 0.030598958333333332
24 0.52783203125 0.4856770833333333 0.01025390625 0.03125
24 0.53857421875 0.4850260416666667 0.01123046875 0.03125
24 0.5498046875 0.4850260416666667 0.01123046875 0.029947916666666668
24 0.56103515625 0.4850260416666667 0.01171875 0.03125
4 0.57470703125 0.484375 0.01220703125 0.032552083333333336
4 0.58740234375 0.484375 0.0126953125 0.033203125
4 0.599609375 0.484375 0.01220703125 0.033854166666666664
4 0.61181640625 0.484375 0.01318359375 0.03515625
4 0.62548828125 0.484375 0.01318359375 0.03515625
11 0.638671875 0.4817708333333333 0.0107421875 0.037760416666666664
11 0.64990234375 0.4817708333333333 0.01220703125 0.036458333333333336
11 0.662109375 0.4811197916666667 0.01171875 0.037760416666666664
11 0.673828125 0.48046875 0.013671875 0.0390625
15 0.5361328125 0.5319010416666666 0.009765625 0.031901041666666664
15 0.54638671875 0.5325520833333334 0.01171875 0.029947916666666668
15 0.55810546875 0.533203125 0.01171875 0.030598958333333332
15 0.56982421875 0.533203125 0.01123046875 0.030598958333333332
15 0.5810546875 0.5319010416666666 0.01171875 0.033203125
15 0.59326171875 0.5325520833333334 0.01318359375 0.033203125
16 0.52783203125 0.6106770833333334 0.00634765625 0.024739583333333332
16 0.53466796875 0.6106770833333334 0.0068359375 0.025390625
16 0.5419921875 0.611328125 0.0068359375 0.025390625
16 0.54833984375 0.611328125 0.0068359375 0.024739583333333332
16 0.55615234375 0.6106770833333334 0.00732421875 0.026041666666666668
16 0.56298828125 0.6106770833333334 0.00732421875 0.025390625
16 0.57177734375 0.611328125 0.0087890625 0.02734375
14 0.5810546875 0.6106770833333334 0.00732421875 0.026692708333333332
14 0.5888671875 0.6119791666666666 0.0078125 0.026041666666666668
14 0.5966796875 0.611328125 0.0078125 0.026041666666666668
14 0.60498046875 0.6119791666666666 0.0078125 0.02734375
5 0.60498046875 0.7311197916666666 0.0498046875 0.043619791666666664
27 0.71875 0.7434895833333334 0.0625 0.033203125