18 0.34033203125 0.357421875 0.05615234375 0.054036458333333336
18 0.39453125 0.3587239583333333 0.052734375 0.052734375
18 0.4462890625 0.3626302083333333 0.04931640625 0.052083333333333336
18 0.494140625 0.3645833333333333 0.046875 0.047526041666666664
7 0.22216796875 0.443359375 0.02783203125 0.072265625
7 0.24951171875 0.4420572916666667 0.02734375 0.07096354166666667
7 0.275390625 0.4420572916666667 0.025390625 0.0703125
7 0.30029296875 0.4427083333333333 0.025390625 0.06966145833333333
19 0.49365234375 0.4446614583333333 0.0244140625 0.064453125
19 0.51611328125 0.4440104166666667 0.0185546875 0.06315104166666667
19 0.53466796875 0.4440104166666667 0.0185546875 0.0625
19 0.55322265625 0.4440104166666667 0.01953125 0.06315104166666667
6 0.00732421875 0.5611979166666666 0.01416015625 0.05078125
6 0.0234375 0.5598958333333334 0.01904296875 0.048828125
0 0.0771484375 0.5579427083333334 0.0185546875 0.047526041666666664
0 0.095703125 0.5579427083333334 0.0185546875 0.048177083333333336
0 0.1162109375 0.556640625 0.017578125 0.048177083333333336
0 0.13330078125 0.5559895833333334 0.0166015625 0.048828125
17 0.212890625 0.6282552083333334 0.02587890625 0.053385416666666664
17 0.24072265625 0.626953125 0.02734375 0.055338541666666664
32 0.17236328125 0.8125 0.044921875 0.091796875
31 0.232421875 0.8111979166666666 0.0576171875 0.07356770833333333
31 0.2314453125 0.7740885416666666 0.0556640625 0.014322916666666666
9 0.52783203125 0.7643229166666666 0.013671875 0.047526041666666664
9 0.54052734375 0.7623697916666666 0.01220703125 0.046875
9 0.55322265625 0.7610677083333334 0.01416015625 0.046875
20 0.17236328125 0.921875 0.03515625 0.07942708333333333
20 0.2060546875 0.9186197916666666 0.03369140625 0.08984375
20 0.23828125 0.9108072916666666 0.03125 0.09375
20 0.26904296875 0.9049479166666666 0.03271484375 0.09309895833333333
20 0.298828125 0.8938802083333334 0.02880859375 0.083984375
20 0.328125 0.8984375 0.02880859375 0.10546875
21 0.369140625 0.8893229166666666 0.0341796875 0.09895833333333333
21 0.4013671875 0.8815104166666666 0.03076171875 0.09765625
21 0.43115234375 0.875 0.0302734375 0.09244791666666667
21 0.4609375 0.8678385416666666 0.0283203125 0.09049479166666667
21 0.4892578125 0.86328125 0.02978515625 0.09375
5 0.74609375 0.8059895833333334 0.083984375 0.06901041666666667
27 0.87060546875 0.791015625 0.06787109375 0.049479166666666664
16 0.6669921875 0.6497395833333334 0.0126953125 0.039713541666666664
16 0.6787109375 0.650390625 0.009765625 0.040364583333333336
16 0.689453125 0.6484375 0.00927734375 0.0390625
16 0.69873046875 0.6477864583333334 0.0087890625 0.040364583333333336
16 0.70703125 0.6458333333333334 0.00830078125 0.037760416666666664
16 0.71484375 0.6451822916666666 0.00927734375 0.040364583333333336
16 0.7236328125 0.6438802083333334 0.01025390625 0.0390625
14 0.73583984375 0.6412760416666666 0.01220703125 0.041666666666666664
14 0.74853515625 0.640625 0.0107421875 0.041666666666666664
14 0.7587890625 0.6399739583333334 0.01123046875 0.040364583333333336
14 0.7685546875 0.6393229166666666 0.009765625 0.040364583333333336
25 0.58447265625 0.5911458333333334 0.0224609375 0.055989583333333336
25 0.60302734375 0.5904947916666666 0.0166015625 0.054036458333333336
25 0.61962890625 0.5904947916666666 0.0146484375 0.053385416666666664
25 0.63427734375 0.5885416666666666 0.0166015625 0.054036458333333336
15 0.68017578125 0.5247395833333334 0.02392578125 0.05078125
15 0.7001953125 0.5240885416666666 0.017578125 0.050130208333333336
15 0.716796875 0.5247395833333334 0.0146484375 0.051432291666666664
15 0.7314453125 0.5234375 0.01513671875 0.050130208333333336
15 0.7451171875 0.5227864583333334 0.0146484375 0.048177083333333336
15 0.7587890625 0.5221354166666666 0.0146484375 0.049479166666666664
11 0.81884765625 0.447265625 0.0185546875 0.055989583333333336
11 0.833984375 0.4466145833333333 0.01318359375 0.054036458333333336
11 0.84619140625 0.4459635416666667 0.0126953125 0.055338541666666664
26 0.626953125 0.447265625 0.0185546875 0.055989583333333336
24 0.6455078125 0.4479166666666667 0.015625 0.053385416666666664
24 0.6611328125 0.4479166666666667 0.015625 0.053385416666666664
24 0.67724609375 0.4479166666666667 0.01513671875 0.053385416666666664
24 0.69091796875 0.4485677083333333 0.01416015625 0.052734375
24 0.7060546875 0.4485677083333333 0.01416015625 0.052083333333333336
24 0.720703125 0.4485677083333333 0.0146484375 0.05078125
4 0.73828125 0.4485677083333333 0.01611328125 0.05078125
4 0.75341796875 0.4485677083333333 0.015625 0.051432291666666664
4 0.7685546875 0.4498697916666667 0.01513671875 0.050130208333333336
4 0.78271484375 0.4485677083333333 0.01416015625 0.050130208333333336
4 0.79638671875 0.4498697916666667 0.0146484375 0.051432291666666664
12 0.583984375 0.3658854166666667 0.02197265625 0.059895833333333336
13 0.607421875 0.3665364583333333 0.02294921875 0.05859375
13 0.626953125 0.3684895833333333 0.01708984375 0.057942708333333336
13 0.64208984375 0.3678385416666667 0.01708984375 0.057942708333333336
10 0.68310546875 0.3645833333333333 0.0205078125 0.06575520833333333
10 0.70166015625 0.3658854166666667 0.01611328125 0.06705729166666667
10 0.71728515625 0.3671875 0.0166015625 0.06575520833333333
10 0.73291015625 0.3671875 0.015625 0.06510416666666667
8 0.7568359375 0.3736979166666667 0.02392578125 0.055338541666666664
8 0.7763671875 0.3743489583333333 0.01513671875 0.055338541666666664
8 0.79052734375 0.3743489583333333 0.01513671875 0.0546875
1 0.80224609375 0.375 0.01416015625 0.054036458333333336
1 0.81396484375 0.3756510416666667 0.0126953125 0.055338541666666664
1 0.82666015625 0.3763020833333333 0.01416015625 0.055338541666666664
2 0.8408203125 0.3736979166666667 0.017578125 0.060546875
2 0.8564453125 0.3736979166666667 0.01513671875 0.059244791666666664
25 0.65234375 0.2727864583333333 0.0166015625 0.055989583333333336
25 0.66748046875 0.2740885416666667 0.015625 0.054036458333333336
25 0.6826171875 0.2747395833333333 0.013671875 0.051432291666666664
25 0.69677734375 0.2766927083333333 0.015625 0.052083333333333336
23 0.7197265625 0.2701822916666667 0.02978515625 0.06966145833333333
23 0.7451171875 0.2734375 0.02197265625 0.07096354166666667
22 0.763671875 0.283203125 0.017578125 0.050130208333333336
22 0.7802734375 0.2864583333333333 0.01513671875 0.049479166666666664
22 0.796875 0.2884114583333333 0.015625 0.052734375
27 0.84033203125 0.2981770833333333 0.0673828125 0.041666666666666664
27 0.9052734375 0.3053385416666667 0.06298828125 0.040364583333333336
28 0.49755859375 0.6731770833333334 0.017578125 0.037109375
29 0.51318359375 0.673828125 0.013671875 0.029947916666666668
30 0.529296875 0.6731770833333334 0.017578125 0.012369791666666666
30 0.529296875 0.68359375 0.0185546875 0.011067708333333334
30 0.5224609375 0.6595052083333334 0.0146484375 0.01171875
30 0.513671875 0.6510416666666666 0.01513671875 0.008463541666666666