23 0.8879103125853699 0.4291791749279169 0.22417937482926012 0.4671548177710996
22 0.7685379723229125 0.3853923019455069 0.3241119158373458 0.36011521853209594
22 0.5162441651130988 0.39837894238892013 0.3044005243635608 0.3770890183454785
22 0.23263258047011834 0.4171719550878315 0.3377713220268351 0.3919798096526931
10 0.8896877354728604 0.08501652326456897 0.21947963761238753 0.17003304652913795
10 0.7495782222731936 0.09659512382442102 0.18926061121305385 0.19319024764884205
8 0.6387842872892925 0.06129872438427308 0.2176727412452517 0.12259744876854616
8 0.5866037995404962 0.1482835440634457 0.16681119675289993 0.10511324343264017
8 0.4355318101208687 0.1557166594789215 0.18581269609807638 0.10805654301582462
8 0.4520334291420867 0.06243384014504613 0.2100564416175068 0.12486768029009226
8 0.2640866172969103 0.06333335126860526 0.20021411221311483 0.12666670253721052
1 0.08894927703633175 0.070556640625 0.17686758047199716 0.14111328125
1 0.10044868408703571 0.16079840651651553 0.1858572827055275 0.09832506196696894