6 0.3999396431914614 0.03707551890688397 0.23444959888292283 0.07415103781376794
6 0.41801723274695435 0.10414954873031206 0.2631520664682756 0.2082990974606241
6 0.44900649767070544 0.21098245296542237 0.26307248272303263 0.24195542231912234
6 0.48188381039625333 0.34165895570320987 0.26246482585516817 0.23800745167343515
0 0.5129174257715102 0.4760830701904129 0.2618770649236144 0.23471052269441461
0 0.5481810155170102 0.6127567258559413 0.2665103474093433 0.24289850850559938
0 0.5834346572943547 0.7491048606881364 0.2660419620956542 0.2435078295265789
0 0.6116044931782016 0.8619068222475986 0.26564570499021256 0.1986693958179533
9 0.2612610564389132 0.731593449904638 0.1757911762116705 0.20657607636581835
9 0.2927730050960147 0.8656503229128205 0.17696669807477794 0.2131699343238592
9 0.3217917415146152 0.9421525893895338 0.16851339581738548 0.07998194851267441