6 0.9011064108872561 0.5922660695075935 0.11406100669854968 0.3209303214039931
6 0.8004892242202248 0.5816566928589565 0.12047116128261215 0.32853533516094596
6 0.7013113138028952 0.5682199876542317 0.11851803628261193 0.32839885656906304
6 0.5974862090104663 0.5534825832937849 0.11558834878261215 0.32819413868123865
0 0.4914922469267021 0.5418468488508031 0.11314694253261215 0.32802354044138493
0 0.3827729663008073 0.5254661646773157 0.1180695266997428 0.33292202858775904
0 0.27405084484154596 0.508759959670495 0.11903472586627692 0.331688184550367
0 0.1602472235911483 0.4969038316933148 0.13229218128380527 0.3410729567122434
9 0.3825823552996407 0.9093636251738205 0.11649604710374906 0.18127274965235904
9 0.27658271154914355 0.9032891685037435 0.12186145918701607 0.19342166299251287
9 0.16056762050691348 0.8961968839513146 0.12821479710374906 0.20760623209737084