10 0.5363657630251694 0.3137173041053864 0.38588407326893776 0.16908774239531144
10 0.5707738169430397 0.4158884298333304 0.3891696043552321 0.16970397232520162
10 0.6044853450648023 0.5173527234222524 0.38686866521817304 0.17448442588128943
10 0.6384314257610159 0.6173393783931853 0.3860963325396633 0.17250571114531144
10 0.6588028341213669 0.7036648769656902 0.3411566035972129 0.13907850732076033
8 0.679605892950414 0.7916865650452061 0.3328607345938206 0.15190384476706775
25 0.8401996418349688 0.05679356785114316 0.12272050489335129 0.08324502346202658
25 0.8681177773459181 0.13327771034892247 0.13495653673766425 0.11295133423767534
25 0.8946517882358768 0.22425571379762496 0.14702310087472328 0.10855472672125827
25 0.9278450404939872 0.3063945134075799 0.1443099190120257 0.11626486777734601
24 0.1074933390184758 0.21236673627617214 0.1937001054584883 0.09675090244765572
24 0.1264395779896705 0.275743016098677 0.22740804349229093 0.15847490530264594
24 0.14319280250314895 0.36686072496205024 0.2488460368408598 0.1481144875758995
24 0.16065771418921562 0.45892940658944537 0.2723745050997421 0.15050056182110927
24 0.17855427634397827 0.5526942777238515 0.29628111024864406 0.14851769455229702
24 0.21038848634814278 0.6554560436457078 0.2898616618408598 0.14972664094251664
4 0.25925680684299324 0.7697850974181126 0.3073202908729966 0.16940935309196758
4 0.2929076894588342 0.8702728285070347 0.29385888009974215 0.1513450231083846
23 0.9576931101792209 0.4687414629638421 0.08461377964155818 0.15574303235224618
23 0.9836269004152195 0.6006967068085776 0.03274619916956093 0.15402852004171685