18 0.6506456972723795 0.797199159152847 0.03182509278503387 0.059479625942890024
18 0.6431098844611944 0.7425590047730534 0.033795268942012235 0.06014581820802256
18 0.6363150191034987 0.6882386897521684 0.03273345065712019 0.05688303457545629
18 0.6305308185597598 0.6352128827653836 0.03273345065712019 0.05688303457545644
7 0.6149360728947495 0.9068733834725511 0.04031808331402775 0.02960367461893713
7 0.6126302980255056 0.8841001819128756 0.03885323956402775 0.02959231167008743
7 0.6100889081097511 0.8616543950113416 0.03986390437798448 0.030901970302653698
7 0.6067980451620183 0.8385632479175658 0.03838200947100612 0.03023956568713763
19 0.5857197760801194 0.6397931173634356 0.03934152081402775 0.029596099319704045
19 0.5822018236643647 0.6173549057611346 0.03981275090704939 0.028948845302653996
19 0.5794248187020994 0.5952365335177422 0.03880208609309266 0.02763918667008758
19 0.5773887611933233 0.5734380006332583 0.038313804843092436 0.027635399020470963
17 0.5208884555226985 0.9242078561733452 0.02853112868611407 0.026908604361474058
17 0.5180858738249655 0.901112921429953 0.0300300747500708 0.028222050643657088
28 0.4494838829028168 0.6499663487645827 0.023006574523308565 0.02100756521569262
29 0.44483900872544346 0.6311183354529897 0.019520401145394994 0.01837688500171038
30 0.44213873396958087 0.6119296507095974 0.007801651145394994 0.01828598141091427
30 0.43630493570504847 0.6129516650049954 0.00830698355237347 0.018940810727197405
30 0.4494288504056241 0.6105707526320163 0.008744111331438154 0.016991473376813875
32 0.4323374923018696 0.9649419523779744 0.049034294633882425 0.06416948534613454
31 0.4236608077232741 0.9226829526136969 0.038609876814098554 0.057579528037521165
9 0.3890385369696163 0.6263417941759383 0.028831847209351835 0.019750933677757487
9 0.3869544271410917 0.6120321342829294 0.029286026145394994 0.01845263799404062
9 0.38555158571663184 0.5957636679154956 0.03024553748841652 0.01780917162660689
20 0.37124885930481855 0.9820207587296542 0.05695374812798448 0.031034538039231545
20 0.36861368802568284 0.9559942426614537 0.05764664326172508 0.03885082568884831
20 0.366659785150612 0.9280089201188284 0.05661892729078999 0.03689012538961537
20 0.3635022303075195 0.9006841083669107 0.056601876133811624 0.036239083722948706
20 0.36054618819698103 0.8717297986235185 0.05759548979078999 0.03689770068884831
20 0.35789396576086696 0.8450522408886512 0.05714131085474672 0.03819599637256488
21 0.3517098409032066 0.8047274278762911 0.054751058075681924 0.04013018312448254
21 0.34862591511533025 0.7708903056328987 0.0557446717326604 0.04078880009038214
21 0.3453660533303674 0.7396592438809814 0.05326916316870356 0.03946777850896647
21 0.34206356365295854 0.706800577962397 0.0537915467326604 0.040773649491915975
21 0.3383068950395065 0.6752477830267628 0.05326916316870345 0.03946777850896647
25 0.6707829998237961 0.43792052718438174 0.033885171279135706 0.026299226840589125
25 0.6687639934719983 0.4167730359665645 0.03487878493611407 0.026957843806488874
25 0.6667705638556681 0.3966021072487474 0.035350015029135706 0.026310589789438676
25 0.6635820078498056 0.37741721015497154 0.034827631465178754 0.025004718806488874
25 0.48110279570487124 0.5426029652999523 0.035804193965178976 0.02501229410572196
25 0.4793535067135411 0.5224301427573269 0.034793529151222136 0.023702635473155542
25 0.4764090913326785 0.5032433518387428 0.0352988615582005 0.024357464789438676
25 0.47366618868436994 0.4824270629286837 0.035838296279135706 0.026314377439055292
23 0.6658265479194831 0.3419108195991309 0.04985119441870367 0.039441264961650756
23 0.662592262869988 0.3116563203472134 0.049311759697768354 0.03748435231203421
22 0.6540550886984062 0.2840476519077442 0.03597470553496285 0.031522710772388475
22 0.6509742640617164 0.25965252765582675 0.03639478215704939 0.028922331755338353
22 0.64761519648607 0.23395721389538418 0.03648003794194121 0.03217754008867176
27 0.6340037680614685 0.1617824924861804 0.03822545825611057 0.11746021077238851
27 0.6218277276251418 0.053649762782735894 0.03711248650028365 0.10729952556547179
12 0.6204102100653035 0.5284988641762979 0.03784257475007102 0.02828265303752116
13 0.6169573611262757 0.49922282124918865 0.036814858779135706 0.02632195273828823
13 0.6149554059314564 0.4787263716980381 0.037337242343092436 0.027627823721238027
13 0.6119854138151262 0.45856301827945406 0.037791421279135484 0.02632952803752116
10 0.6087588764690492 0.4006335667197784 0.04520089581402775 0.0296415511151021
10 0.6059648203498056 0.37786415280971947 0.04568917706402775 0.02964533876471857
10 0.6039458139980078 0.35671666159190224 0.04568917706402775 0.029645338764718716
10 0.6009417195677209 0.3352512248399848 0.04464440993611429 0.027033596798818966
10 0.5984685342798799 0.3154096046051175 0.04412202637215734 0.025727725815869167
8 0.5936957764251685 0.2916787787935245 0.03982980206402775 0.029599886969320588
8 0.5919379618553492 0.27118043541756576 0.039256265029135706 0.026340890986370713
8 0.5894391998320406 0.25036225268269846 0.039710443965178976 0.02504259530265392
1 0.5869489633872212 0.22986959078116445 0.041209390029135706 0.026356041584836804
1 0.5849384826139128 0.20904762039668068 0.04274243840704939 0.028971571200352948
1 0.5824056182766474 0.18692735432848004 0.040232827529135706 0.026348466285603795
2 0.5824986217649577 0.16250761035405525 0.04622861178496285 0.03160225141433518
2 0.5792077588172246 0.13941646326027937 0.04568917706402775 0.02964533876471868
26 0.5638532851000536 0.4761924935829631 0.035838296279135706 0.026314377439055292
24 0.561354523076745 0.4553743108480959 0.03536706618611407 0.026961631456105344
24 0.5586371971639041 0.4355345844380368 0.033362787715178754 0.024993355857639326
24 0.5564252036580415 0.4163421120450279 0.033851068965178754 0.024997143507255792
24 0.5539264416347329 0.39552392931016067 0.03585534743611407 0.02696541910572196
24 0.5514447307684027 0.37535678824196 0.036258372901222025 0.023713998422005094
24 0.5492156861055618 0.35551327418228446 0.03582124512215734 0.025663335772388624
4 0.5470687960764262 0.3294829704644673 0.03737134465704939 0.028929907054571363
4 0.5442832655356715 0.30703907738774155 0.03686601225007102 0.02827507773828823
4 0.5417333500414279 0.28426776965287426 0.03585534743611407 0.026965419105721884
4 0.5392260624396301 0.2631240660846736 0.0363777310000708 0.028271290088671686
4 0.5367102492593432 0.24165484168313967 0.03639478215704939 0.028922331755338426
11 0.5361475610790563 0.22017046668313967 0.039222162715178754 0.02503880765303738
11 0.5343471186167909 0.19804451914051424 0.038836188407049166 0.02894127000342091
11 0.5323025355295256 0.1759204654226971 0.03878503493611407 0.02698814500342091
11 0.529803773506217 0.1551022826878298 0.03878503493611407 0.02698814500342091
15 0.5064841069022143 0.41152011897257834 0.034373452529135706 0.02630301449020574
15 0.5034885380504166 0.39038020305399423 0.03536706618611407 0.026961631456105344
15 0.5009556737131513 0.3682599369857935 0.03634362868611407 0.026969206755338426
15 0.49943347418984274 0.34743417895169326 0.037337242343092436 0.027627823721238027
15 0.49645495649502336 0.3269453046997758 0.03582124512215734 0.02566333577238855
15 0.49470566750369316 0.3067724821571504 0.035315912715178976 0.025008506456105344
16 0.42744300132670965 0.4424128371848773 0.026322236331438154 0.017127828763008186
16 0.42638660746912016 0.43004872699263536 0.026322236331438154 0.017127828763008186
16 0.42431954879757394 0.4163901087662931 0.02633928748841663 0.017778870429674853
16 0.4227492969545169 0.40305322372366775 0.02633928748841652 0.017778870429674853
16 0.42167585193994905 0.39003807186475914 0.02630518517445979 0.01647678709634152
16 0.4200970745184028 0.37637566598880046 0.026844619895394994 0.018433699745957988
16 0.41850124593987814 0.3620622184461751 0.02731584998841652 0.01778644572890779
14 0.41710693009390754 0.3461192729120747 0.027821182395394994 0.01844127504519122
14 0.41573819098340453 0.3311528898779745 0.02780413123841663 0.017790233378524405
14 0.4141423624048799 0.31683944233534905 0.028797744895394994 0.01844885034442408
14 0.4122512397304201 0.3005747636175319 0.0298254608663302 0.020409550643657088
5 0.29916375475955576 0.3274989526448448 0.05345828164560762 0.10260745722678344
27 0.2716928782590951 0.14570893251867903 0.04459016566308904 0.11816049188406981