25 0.7180073635163264 0.8176928111264015 0.23207604119514427 0.1352429077354511
23 0.735263635423513 0.7155945553626246 0.3207827693912189 0.16004984681796008
23 0.7202407811811322 0.6081680923852248 0.32390149913266936 0.15823891753932218
22 0.6639676169357903 0.5163266064100694 0.2276948844787768 0.11898743076408902
22 0.648110215495738 0.425515925504806 0.24321475717964183 0.12745403108235553
22 0.6343935971195247 0.33210501515736 0.23807466314224998 0.12820308042817585
10 0.3955407234686876 0.8765826345435808 0.25514929848835743 0.09390000475634941
10 0.38531216455850853 0.8173632233695868 0.2678206302763151 0.11733268895898119
10 0.3717730653102059 0.7447753640078218 0.27587196781211015 0.12109192744025066
10 0.35583451728306087 0.6691440605689671 0.27758348692109225 0.1270081807287955
10 0.3698780055705533 0.5943326765166452 0.24983583785588914 0.10145655245789742
8 0.30842325705914336 0.5345897768922638 0.24891183900545663 0.09752186331362495
8 0.3002815333856244 0.4641967752568147 0.2435301390770468 0.10410184851517279
8 0.28962232634297697 0.3971222053664121 0.25288355994617523 0.1079179652849872
1 0.2787897527052532 0.323183258831737 0.2646705492421167 0.1094064323818913
1 0.2567345481407163 0.24630522102229396 0.26127609396167767 0.11656001626625656
1 0.2437298401464055 0.18476056807407396 0.24675676447285508 0.08525795377508
24 0.1364358293786341 0.8978340952530981 0.21482160315821763 0.08337615445572988
24 0.12355330850744367 0.8438862408241505 0.2147819467998013 0.10138568241718504
24 0.11157634248508898 0.7816518247173392 0.21848347891197692 0.09862662978281955
24 0.10219239950917842 0.7171372334513948 0.20438479901835685 0.10715492418699935
4 0.09646765168096855 0.6419633642195834 0.1929353033619371 0.10566164129272693
4 0.08921051289562289 0.5711698066656359 0.17842102579124577 0.09957475313854713
4 0.08067618842411627 0.499570321477323 0.16135237684823253 0.101679705454646
4 0.07370975873532751 0.42933373513537243 0.14741951747065501 0.10280809527074486
4 0.066537226981103 0.35688566359628565 0.133074453962206 0.1063494521925713
11 0.07053753085934679 0.289344027904103 0.14107506171869358 0.08845368080820604
11 0.053067751206353146 0.217417492556657 0.10613550241270629 0.09987404761331398