10 0.49826799717762055 0.8007044319287773 0.6086607591746652 0.18471681785047878
8 0.5152330476882635 0.626038940552184 0.6271392517457248 0.2257977798063635
8 0.5338339466977375 0.4552853806500154 0.5860324401070512 0.20170155432362058
8 0.5433032747246842 0.2957182580710549 0.5521452961117269 0.1859345174630016
1 0.547730154031316 0.17615326840833348 0.5324569048157382 0.13069339925711682
4 0.9652781450777516 0.8398619784589036 0.06944370984449695 0.13555502439451228
4 0.9562950912794553 0.6899610550775099 0.0874098174410894 0.16488882897827328
4 0.9777756532084417 0.5185929638946551 0.044448693583116615 0.19517362942712285
4 0.9437335052256386 0.537854343859479 0.0838969418297039 0.15167682785614955
4 0.9314506477444028 0.4055258640036604 0.08731903274578616 0.1536441565422113
4 0.9641601107842689 0.35889516740392513 0.0716797784314623 0.19328015990858272
4 0.9657974562376955 0.2358752794074427 0.06840508752460887 0.16002306090154755