18 0.6443919354999343 0.7125810746578827 0.03195740741652431 0.05524883450993793
18 0.6369702569536219 0.664391036224247 0.03244568866652453 0.05526777788769769
18 0.6282852603776996 0.6195035645683432 0.03195740741652431 0.05524883450993823
18 0.6213305556290822 0.5729221869236147 0.03294249289744644 0.05593776293212368
7 0.6174659382652541 0.812208414490254 0.035565353084255236 0.03261392319868032
7 0.6143121819238355 0.7921587264679033 0.036533392603333104 0.03200076828753259
7 0.611154164091956 0.7724345592788863 0.036062157315177146 0.03328390824310645
7 0.6072722473659984 0.7520877654898416 0.036550438565177146 0.033302851620865916
19 0.5809493382234794 0.581971994755436 0.03504297991056715 0.029990813154254187
19 0.5777785359202169 0.5632243900664189 0.03553126116056715 0.030009756532013803
19 0.5748476127514933 0.5447928345218553 0.03553126116056715 0.030009756532013654
19 0.5711970521791527 0.5254131315439309 0.03602806539148906 0.030679741576439934
17 0.5349007662889067 0.837535790309388 0.026708106736879067 0.027064609065677203
17 0.5317342254761052 0.8184626647870376 0.0272049109678012 0.027734594110103334
28 0.46295394518890515 0.6109514112954636 0.022253914620425364 0.022336826999175347
29 0.45852408634649366 0.5951808525508451 0.01829652673489346 0.018279029977099626
30 0.4553191921195432 0.5790374145284946 0.008034097503971549 0.017230177377484484
30 0.44968265029223825 0.5808828675393949 0.007537293273049528 0.01656019233305835
30 0.4619408194277701 0.5765030330954087 0.008505332792127618 0.015947037421910615
32 0.46082209098982907 0.8856341644955187 0.045680420302056435 0.05968549908720296
31 0.4513151812392259 0.8476110454062541 0.03535833020468049 0.054079354820920855
31 0.46556482878890676 0.8402257499512299 0.011287658279006796 0.04208342097737461
9 0.41065547788464973 0.5983393869046045 0.02611754971581548 0.019233165687917442
9 0.4091041686567064 0.5863614178934293 0.02514951019673739 0.019846320599065326
9 0.407081624140607 0.5731003089266802 0.025646314427659522 0.020516305643491457
20 0.41028195579309157 0.9064655407380754 0.049836308086240844 0.04162682282037119
20 0.40693945820266586 0.8821935535712712 0.050324589336240955 0.04164576619813065
20 0.4035841761408572 0.858898128904467 0.048834176643475 0.039635811064852255
20 0.39998475345404855 0.8356121759265428 0.04881713068163096 0.03833372773151892
20 0.3968608275458569 0.8132838420708589 0.04784909116255298 0.03894688264266666
20 0.3925289829840482 0.7900263041595736 0.04933098087439691 0.04030579610927839
21 0.3856522207324522 0.7561307673259655 0.04592153510531882 0.04082423413162909
21 0.3821167204025584 0.7279620018480409 0.04689809760531882 0.040862120887148023
21 0.3785726970917426 0.7004442780367833 0.046906620586240844 0.041513162553814396
21 0.37478027166546585 0.6732615467477386 0.046906620586240844 0.041513162553814396
21 0.37000702224872806 0.6464422230475462 0.04591301212439691 0.04017319246496228
25 0.650062870334932 0.39123518202460444 0.03357813616056715 0.02993398302097594
25 0.6471276856757475 0.37312914731337415 0.03305576298687907 0.027310872976549955
25 0.6444238571701799 0.35599020341326426 0.03305576298687907 0.027310872976549955
25 0.6414801495300735 0.33853521036870066 0.0335525672178012 0.02798085802097594
25 0.4864449277117413 0.512758758440742 0.03158239625595738 0.026603001176604895
25 0.48373683771571285 0.49594533537396535 0.03158239625595727 0.026603001176604895
25 0.48054046646968435 0.47915085568494814 0.03110263798687929 0.027235099465512096
25 0.4778451609450388 0.46136087011817156 0.030605833755957268 0.026565114421085962
23 0.6411397847774847 0.30861570876867317 0.045467345779006685 0.043409457420536146
23 0.6373771897844347 0.27915433164629516 0.04443964539347478 0.03946532066501721
22 0.628393888876243 0.2570533183237247 0.03261861962241097 0.031198179598790343
22 0.6245162336407465 0.2363810037013467 0.034091986353333104 0.031906051398735404
22 0.6213965692230159 0.2137271490123295 0.033603705103333104 0.03188710802097594
27 0.6068381775069871 0.15149834457841888 0.04089741223567289 0.1043989969318488
27 0.5924617942120574 0.05672692850005462 0.03889314935014099 0.10041697342081102
12 0.6081620909877694 0.47907997490085186 0.03502593394872333 0.028688729820921004
13 0.6036031517628048 0.45452982534511305 0.03503445692964524 0.02933977148758767
13 0.6009078462381593 0.4367398397783364 0.0350174109678012 0.028037688154254337
13 0.5979641385980528 0.4192848467337728 0.03503445692964524 0.029339771487587523
10 0.5927738176004282 0.3684053964335529 0.041921532315177146 0.03351122877622004
10 0.5896115382780878 0.3490067500778691 0.042401290584255236 0.03287913048731269
10 0.5871774193402861 0.32990520948887936 0.041904486353333326 0.03220914544288663
10 0.5840108785274846 0.31083208396652884 0.041904486353333104 0.032209145442886555
10 0.5808145072814561 0.2940376042775117 0.04137359019872333 0.028934993731793906
8 0.5759347206031936 0.2753563014106526 0.03601954241056715 0.030028699909773266
8 0.573264984021314 0.25561319084387596 0.03650782366056715 0.03004764328753266
8 0.5703170148907465 0.2384837186326457 0.03649930067964524 0.029396601620866065
1 0.567608924894718 0.22167029556586906 0.0369705359678012 0.028113461665292123
1 0.5646780017259945 0.20323874002130551 0.03749290914148906 0.03073657170971818
1 0.561515722403654 0.18384009366562162 0.03698758192964524 0.029415544998625382
2 0.5608076338026964 0.16337016792114056 0.041441774046099056 0.03414332706512716
2 0.5574182598171997 0.1426789099210031 0.041407682122411194 0.0315391603984605
26 0.5569156573430883 0.44202547294335365 0.0330642859678012 0.027961914643216623
24 0.5532310048470599 0.42524993663209587 0.03209624644872333 0.028575069554364358
24 0.5507713169664924 0.4081015210431062 0.0330642859678012 0.027961914643216474
24 0.5478361323073078 0.389995486331876 0.03207067750595716 0.026621944554364358
24 0.5456205850517404 0.3728375990540065 0.0325760047178012 0.027942971265457157
24 0.5424242138057118 0.3560431193649894 0.03159091923687907 0.02725404284327156
24 0.5394932906369883 0.3376115638204258 0.030605833755957157 0.026565114421085962
4 0.5361124396324137 0.31626926415362167 0.0335525672178012 0.02798085802097594
4 0.5329544218005342 0.29654509696460446 0.03457174462241097 0.0312739531098282
4 0.5297921424781935 0.2771464506089207 0.03259305067964524 0.029245054598790343
4 0.526629863155853 0.2577478042532368 0.03356109019872333 0.02863189968764261
4 0.5229707796025904 0.23901914294197904 0.03407494039148906 0.03060396806540207
11 0.5227168803279449 0.22113444048640518 0.03499184202503525 0.026084563154254337
11 0.5197944801401434 0.20205184327517492 0.036533392603333104 0.032000768287532656
11 0.5158784714904979 0.18430921615279694 0.03748438616056715 0.03008553004305159
11 0.5141725129372354 0.16550478133050142 0.035514215198723276 0.028707673198680433
15 0.503364185143159 0.394649021207986 0.03211329241056715 0.029877152887697694
15 0.49994071923397443 0.37656192987451514 0.0335525672178012 0.02798085802097594
15 0.49749807731525086 0.35811143095219206 0.0315994422178012 0.027905084509938227
15 0.4945543696751444 0.3406564379076286 0.031094115005957268 0.02658405779884539
15 0.49162344650642087 0.322224882363065 0.0325760047178012 0.027942971265457084
15 0.4898961805008534 0.30504805170743615 0.03207920048687929 0.027272986221030953
16 0.436480648211528 0.4336836539166045 0.0241729476967375 0.019808433843546396
16 0.4346681523967407 0.4230172399276424 0.023170816253971438 0.017817422088027612
16 0.43309979720695335 0.4123413542498004 0.02367614346581548 0.01913844879912041
16 0.43129582437308805 0.4010238985941716 0.02367614346581548 0.019138448799120262
16 0.4294918515392227 0.3897064429385427 0.02367614346581548 0.019138448799120262
16 0.4279448038017404 0.3774029530940341 0.02319638519673739 0.019770547088027612
16 0.42590521332379705 0.36544392746061827 0.02417294769673739 0.019808433843546396
14 0.42388266880769765 0.3521828184938691 0.02514951019673739 0.019846320599065177
14 0.42210426491659825 0.3389122378382403 0.02466122894673739 0.01982737722130586
14 0.4198205338136549 0.32696268389370425 0.02466122894673739 0.01982737722130586
14 0.4177937278070945 0.3140270957602884 0.025166556158581432 0.021148403932398658
5 0.3242903397695416 0.3547451842234637 0.05098938184815538 0.09242701619813065
27 0.2940496318243632 0.2043027388222541 0.04282496829290705 0.10252164544288662