7 0.06005859375 0.4674479166666667 0.052734375 0.12044270833333333
7 0.10009765625 0.4661458333333333 0.05126953125 0.11979166666666667
7 0.1416015625 0.46484375 0.05078125 0.11848958333333333
7 0.18359375 0.46484375 0.048828125 0.12044270833333333
7 0.2265625 0.4635416666666667 0.04736328125 0.11848958333333333
7 0.26904296875 0.462890625 0.04541015625 0.1171875
7 0.31201171875 0.4622395833333333 0.0517578125 0.119140625
17 0.65869140625 0.4713541666666667 0.044921875 0.091796875
17 0.70361328125 0.46875 0.0439453125 0.091796875
3 0.8056640625 0.4459635416666667 0.06591796875 0.134765625
24 0.908203125 0.615234375 0.06201171875 0.115234375
24 0.9501953125 0.615234375 0.05517578125 0.11458333333333333
24 0.9814453125 0.6139322916666666 0.037109375 0.11393229166666667
24 0.96826171875 0.5520833333333334 0.052734375 0.01171875
6 0.4912109375 0.7591145833333334 0.0234375 0.076171875
6 0.51416015625 0.7604166666666666 0.0234375 0.07747395833333333
6 0.513671875 0.7135416666666666 0.02294921875 0.014973958333333334
6 0.5361328125 0.7102864583333334 0.02197265625 0.01953125
6 0.53662109375 0.7578125 0.02392578125 0.076171875
6 0.56005859375 0.7571614583333334 0.0234375 0.076171875
6 0.55859375 0.7122395833333334 0.02294921875 0.013671875
0 0.576171875 0.6881510416666666 0.021484375 0.010416666666666666
0 0.5791015625 0.69921875 0.02392578125 0.013020833333333334
0 0.6015625 0.69921875 0.02197265625 0.010416666666666666
0 0.62255859375 0.693359375 0.02197265625 0.01171875
0 0.6455078125 0.6946614583333334 0.0244140625 0.011067708333333334
0 0.58154296875 0.7122395833333334 0.02392578125 0.013671875
0 0.6044921875 0.7115885416666666 0.0244140625 0.013020833333333334
0 0.62646484375 0.7083333333333334 0.0244140625 0.018229166666666668
0 0.65087890625 0.7096354166666666 0.025390625 0.018229166666666668
0 0.58251953125 0.755859375 0.0234375 0.076171875
0 0.60595703125 0.7565104166666666 0.0234375 0.07747395833333333
0 0.62890625 0.7571614583333334 0.025390625 0.07747395833333333
0 0.65283203125 0.7571614583333334 0.02490234375 0.07877604166666667
18 0.048828125 0.3177083333333333 0.09716796875 0.09309895833333333
18 0.14453125 0.3125 0.10888671875 0.095703125
18 0.24755859375 0.3111979166666667 0.10693359375 0.09375
19 0.22216796875 0.61328125 0.0439453125 0.12239583333333333
19 0.26123046875 0.6119791666666666 0.0419921875 0.12434895833333333
19 0.29931640625 0.6106770833333334 0.04296875 0.126953125
19 0.33740234375 0.6119791666666666 0.04150390625 0.12760416666666666
19 0.37744140625 0.6106770833333334 0.04541015625 0.125
9 0.609375 0.8658854166666666 0.0234375 0.09049479166666667
9 0.63232421875 0.86328125 0.025390625 0.08854166666666667
9 0.6572265625 0.86328125 0.02490234375 0.08854166666666667