4 0.15364583333333334 0.48486328125 0.12174479166666667 0.21533203125
4 0.2825520833333333 0.4892578125 0.138671875 0.2265625
4 0.423828125 0.4912109375 0.13671875 0.23046875
4 0.5787760416666666 0.49169921875 0.16145833333333334 0.24169921875
4 0.7467447916666666 0.49462890625 0.17317708333333334 0.2529296875
10 0.10026041666666667 0.16015625 0.19661458333333334 0.30224609375
10 0.248046875 0.18359375 0.10872395833333333 0.25537109375
8 0.3118489583333333 0.134765625 0.12369791666666667 0.26123046875
8 0.4446614583333333 0.1279296875 0.13541666666666666 0.25537109375
8 0.5852864583333334 0.12548828125 0.13541666666666666 0.25048828125
1 0.7467447916666666 0.12548828125 0.150390625 0.25048828125
1 0.921875 0.115234375 0.15625 0.23046875
11 0.9231770833333334 0.48291015625 0.15299479166666666 0.26123046875
24 0.041015625 0.48681640625 0.08203125 0.20947265625
15 0.06640625 0.81982421875 0.11848958333333333 0.21044921875
15 0.19270833333333334 0.82080078125 0.13346354166666666 0.26025390625
15 0.3177083333333333 0.83203125 0.138671875 0.26025390625