25 0.8953039453574547 0.22746278352739366 0.17278703250968874 0.19751109747005297
15 0.5962046300116632 0.05163469470040481 0.13892161532243893 0.10326938940080962
15 0.47070158730770034 0.05371485236512011 0.1484405753845993 0.10742970473024022
15 0.34054258696193496 0.056518895917049325 0.1482925764218955 0.11303779183409865
15 0.20922950224553996 0.05803138195819498 0.14919999585468546 0.11606276391638996
15 0.07080078125 0.05981105010420388 0.1416015625 0.11962210020840776
16 0.6252343633994425 0.4776738845599361 0.0852304879020811 0.13852145962587215
16 0.5562239467327758 0.4812931433812311 0.08537848686478473 0.13998630337587215
16 0.4889199901282695 0.4872513765990932 0.08638457227271064 0.13712490377816067
16 0.4176604505361952 0.49390275477382106 0.08437240145685913 0.1428477029735835
16 0.3446451178943927 0.49870343980198173 0.08222194450658742 0.14079214612015067
16 0.27283320261078764 0.5044123994278539 0.09083348513595786 0.14270086123502645
16 0.1939091619814172 0.5100086612663133 0.09298394208622957 0.1447564180884593
14 0.08899278767294803 0.5164823999005443 0.10903351331777367 0.1625974287636338
14 0.02414239777100689 0.522932260517611 0.04828479554201378 0.1621091475136338
5 0.070836729972862 0.9508853387940275 0.141673459945724 0.09770689721080084