18 0.2490234375 0.451171875 0.04248046875 0.036458333333333336
18 0.28955078125 0.4505208333333333 0.03955078125 0.038411458333333336
18 0.32958984375 0.4485677083333333 0.0400390625 0.035807291666666664
18 0.3701171875 0.4485677083333333 0.03955078125 0.037109375
7 0.166015625 0.51953125 0.0185546875 0.054036458333333336
7 0.18310546875 0.5188802083333334 0.01904296875 0.053385416666666664
7 0.2001953125 0.5182291666666666 0.01806640625 0.052083333333333336
7 0.2177734375 0.5169270833333334 0.01806640625 0.049479166666666664
19 0.37109375 0.5104166666666666 0.017578125 0.054036458333333336
19 0.388671875 0.509765625 0.0185546875 0.0546875
19 0.4052734375 0.5071614583333334 0.01806640625 0.0546875
19 0.42333984375 0.5071614583333334 0.01806640625 0.0546875
17 0.16455078125 0.6516927083333334 0.01806640625 0.037109375
17 0.18212890625 0.6516927083333334 0.0185546875 0.0390625
28 0.38232421875 0.7018229166666666 0.01611328125 0.031901041666666664
29 0.3955078125 0.7037760416666666 0.01416015625 0.026041666666666668
30 0.41064453125 0.705078125 0.01513671875 0.008463541666666666
30 0.4111328125 0.7135416666666666 0.01611328125 0.009114583333333334
30 0.4140625 0.6959635416666666 0.0126953125 0.008463541666666666
32 0.1318359375 0.7897135416666666 0.0341796875 0.051432291666666664
31 0.17236328125 0.7884114583333334 0.0419921875 0.049479166666666664
9 0.41064453125 0.7845052083333334 0.0107421875 0.040364583333333336
9 0.42041015625 0.7845052083333334 0.01171875 0.041666666666666664
9 0.4326171875 0.7858072916666666 0.0126953125 0.042317708333333336
20 0.1298828125 0.8763020833333334 0.0234375 0.07942708333333333
20 0.15185546875 0.8736979166666666 0.02392578125 0.07942708333333333
20 0.17431640625 0.873046875 0.02294921875 0.07942708333333333
20 0.19677734375 0.8736979166666666 0.02197265625 0.07942708333333333
20 0.21728515625 0.87109375 0.021484375 0.07877604166666667
20 0.2421875 0.8704427083333334 0.02734375 0.08138020833333333
21 0.2734375 0.8717447916666666 0.02685546875 0.07421875
21 0.298828125 0.8723958333333334 0.02587890625 0.07486979166666667
21 0.32470703125 0.8697916666666666 0.02685546875 0.07682291666666667
21 0.35107421875 0.8717447916666666 0.02783203125 0.07682291666666667
21 0.37744140625 0.8684895833333334 0.029296875 0.076171875
25 0.5126953125 0.35546875 0.01513671875 0.046875
25 0.529296875 0.3541666666666667 0.015625 0.042317708333333336
25 0.54443359375 0.353515625 0.01513671875 0.044270833333333336
25 0.560546875 0.3522135416666667 0.01513671875 0.04296875
23 0.58837890625 0.3430989583333333 0.02294921875 0.061848958333333336
23 0.61181640625 0.3424479166666667 0.0224609375 0.06315104166666667
22 0.6337890625 0.3483072916666667 0.02001953125 0.044921875
22 0.65380859375 0.3470052083333333 0.02001953125 0.043619791666666664
22 0.67333984375 0.3470052083333333 0.01806640625 0.045572916666666664
27 0.73291015625 0.3483072916666667 0.09326171875 0.035807291666666664
27 0.82421875 0.3430989583333333 0.09423828125 0.037109375
12 0.45068359375 0.439453125 0.01708984375 0.048177083333333336
13 0.474609375 0.439453125 0.0166015625 0.050130208333333336
13 0.48974609375 0.4381510416666667 0.015625 0.048828125
13 0.505859375 0.4381510416666667 0.015625 0.047526041666666664
10 0.55126953125 0.4309895833333333 0.017578125 0.05859375
10 0.56884765625 0.4303385416666667 0.017578125 0.060546875
10 0.5869140625 0.4303385416666667 0.01806640625 0.057291666666666664
10 0.60400390625 0.4283854166666667 0.01611328125 0.057942708333333336
10 0.6201171875 0.4303385416666667 0.0166015625 0.0546875
8 0.63818359375 0.4303385416666667 0.01953125 0.051432291666666664
8 0.65576171875 0.4283854166666667 0.01708984375 0.05078125
8 0.6728515625 0.4290364583333333 0.0166015625 0.049479166666666664
1 0.689453125 0.4270833333333333 0.01708984375 0.054036458333333336
1 0.7060546875 0.4264322916666667 0.015625 0.053385416666666664
1 0.7216796875 0.42578125 0.01611328125 0.053385416666666664
2 0.74169921875 0.4225260416666667 0.02294921875 0.060546875
2 0.7626953125 0.4212239583333333 0.01904296875 0.059244791666666664
26 0.49609375 0.5065104166666666 0.015625 0.046223958333333336
24 0.5166015625 0.505859375 0.0146484375 0.044921875
24 0.53271484375 0.5065104166666666 0.015625 0.044270833333333336
24 0.548828125 0.505859375 0.015625 0.044270833333333336
24 0.56494140625 0.5045572916666666 0.0166015625 0.044921875
24 0.5810546875 0.5045572916666666 0.015625 0.047526041666666664
24 0.59765625 0.50390625 0.01708984375 0.045572916666666664
4 0.619140625 0.5026041666666666 0.01953125 0.047526041666666664
4 0.6376953125 0.5026041666666666 0.0185546875 0.049479166666666664
4 0.6552734375 0.5013020833333334 0.01806640625 0.046875
4 0.6728515625 0.5006510416666666 0.017578125 0.048177083333333336
4 0.6904296875 0.5006510416666666 0.01904296875 0.044270833333333336
11 0.70751953125 0.4973958333333333 0.01611328125 0.051432291666666664
11 0.72705078125 0.4954427083333333 0.017578125 0.054036458333333336
11 0.74462890625 0.4934895833333333 0.017578125 0.055989583333333336
11 0.76220703125 0.494140625 0.01708984375 0.055338541666666664
15 0.56103515625 0.5755208333333334 0.0166015625 0.044270833333333336
15 0.578125 0.5748697916666666 0.01708984375 0.044270833333333336
15 0.59521484375 0.5735677083333334 0.0166015625 0.045572916666666664
15 0.61328125 0.5729166666666666 0.0166015625 0.048828125
15 0.62939453125 0.57421875 0.01708984375 0.049479166666666664
15 0.64599609375 0.5735677083333334 0.01611328125 0.044921875
25 0.4609375 0.6360677083333334 0.015625 0.047526041666666664
25 0.47705078125 0.6354166666666666 0.01708984375 0.044921875
25 0.49365234375 0.6341145833333334 0.0166015625 0.046875
25 0.51025390625 0.6321614583333334 0.01708984375 0.046223958333333336
16 0.55126953125 0.6940104166666666 0.01123046875 0.037760416666666664
16 0.56201171875 0.6927083333333334 0.009765625 0.037760416666666664
16 0.5732421875 0.6940104166666666 0.01171875 0.0390625
16 0.58349609375 0.693359375 0.0107421875 0.0390625
16 0.5927734375 0.6927083333333334 0.01220703125 0.0390625
16 0.60498046875 0.6927083333333334 0.01171875 0.0390625
16 0.61572265625 0.6920572916666666 0.01171875 0.0390625
14 0.6318359375 0.689453125 0.0126953125 0.041666666666666664
14 0.64453125 0.6907552083333334 0.01171875 0.040364583333333336
14 0.65625 0.6901041666666666 0.01220703125 0.0390625
14 0.66943359375 0.6907552083333334 0.0107421875 0.040364583333333336
5 0.6689453125 0.8697916666666666 0.07861328125 0.06510416666666667
27 0.83544921875 0.8776041666666666 0.10009765625 0.049479166666666664
0 0.07763671875 0.59765625 0.01123046875 0.031901041666666664
0 0.08837890625 0.5983072916666666 0.0126953125 0.033854166666666664
0 0.10009765625 0.5989583333333334 0.01171875 0.033854166666666664
0 0.10986328125 0.5989583333333334 0.0087890625 0.034505208333333336
6 0.03857421875 0.6002604166666666 0.01025390625 0.031901041666666664
6 0.048828125 0.599609375 0.01025390625 0.030598958333333332