1 0.138671875 0.10498046875 0.15169270833333334 0.20947265625
1 0.2975260416666667 0.10546875 0.15169270833333334 0.21044921875
1 0.447265625 0.10791015625 0.16341145833333334 0.21533203125
4 0.035807291666666664 0.46142578125 0.07096354166666667 0.26025390625
4 0.17252604166666666 0.4619140625 0.19010416666666666 0.25634765625
11 0.361328125 0.455078125 0.12369791666666667 0.24755859375
11 0.4993489583333333 0.443359375 0.15494791666666666 0.27880859375
11 0.6536458333333334 0.443359375 0.15690104166666666 0.2958984375
11 0.8118489583333334 0.44384765625 0.1484375 0.2900390625
2 0.6588541666666666 0.1103515625 0.1875 0.22021484375
2 0.8450520833333334 0.0986328125 0.17903645833333334 0.19677734375