6 0.6005859375 0.11970796368663128 0.015625 0.012854692882407445
6 0.598876953125 0.1272479789237696 0.01611328125 0.012869846045399314
0 0.594482421875 0.14919425322403002 0.015625 0.012854692882407445
0 0.593017578125 0.15770325437967236 0.01611328125 0.014171929378732647
0 0.59130859375 0.16589431128347734 0.015625 0.012203651215740777
0 0.58984375 0.17277570827245303 0.015625 0.011552609549074036
18 0.502197265625 0.26013111769616554 0.02392578125 0.04045604665326966
18 0.4951171875 0.2929029218928814 0.0234375 0.040440893490277796
18 0.488525390625 0.32565957292660536 0.0234375 0.0397898518236112
18 0.481201171875 0.3577879120381506 0.0234375 0.03913881015694454
7 0.5458984375 0.20408740960839059 0.02587890625 0.022287492638570622
7 0.543212890625 0.21816814783817937 0.02587890625 0.02293853430523729
7 0.540771484375 0.23224130948647223 0.0263671875 0.022953687468229234
7 0.536865234375 0.2470109722904074 0.02734375 0.024286077127546307
19 0.51123046875 0.36824922168081536 0.02734375 0.02363503546087964
19 0.50830078125 0.38201201565876675 0.0283203125 0.023665341786863376
19 0.505615234375 0.3960927538885555 0.02734375 0.02298399379421297
19 0.501708984375 0.41021137502582405 0.02783203125 0.0243012302905381
17 0.607177734375 0.22432110431957397 0.01953125 0.019486334853009286
17 0.604248046875 0.23678181496419204 0.02001953125 0.02145461301600123
28 0.60009765625 0.40520488768295654 0.0166015625 0.017442290875057925
29 0.59912109375 0.41793050650894026 0.01318359375 0.015383093734114617
30 0.59716796875 0.43133747332757455 0.00732421875 0.014550214111545223
30 0.601806640625 0.43217008077915153 0.00634765625 0.01386886611889467
30 0.592529296875 0.43115590754266425 0.00634765625 0.011264699452228003
32 0.670166015625 0.2259470754602857 0.03515625 0.04991915273541666
31 0.668212890625 0.2513983131122533 0.0283203125 0.03994138345353019
9 0.63525390625 0.44089771411420653 0.02001953125 0.016246279682667897
9 0.634033203125 0.4493991386883529 0.021484375 0.01824486417164343
9 0.632080078125 0.4595508971736539 0.02197265625 0.017608975667968707
20 0.711181640625 0.23183566810229958 0.03759765625 0.02916158521704289
20 0.70849609375 0.248520572998755 0.0390625 0.02985808637268524
20 0.70556640625 0.2658640961433731 0.03857421875 0.030493974876359964
20 0.702880859375 0.2832000427064952 0.03857421875 0.030493974876359964
20 0.69970703125 0.29957457993260916 0.0390625 0.02985808637268524
20 0.6962890625 0.31856086040688575 0.041015625 0.03577807402465286
21 0.693359375 0.34339136271817056 0.03857421875 0.0337491832096933
21 0.689453125 0.3636948796887724 0.0390625 0.03441537803935191
21 0.685791015625 0.384641861744545 0.03857421875 0.032447099876359964
21 0.68212890625 0.40493780213365077 0.0380859375 0.033734030046701356
21 0.677734375 0.42720959726724467 0.03955078125 0.038987822869010515
25 0.4130859375 0.4647194866088537 0.0244140625 0.022242033149594942
25 0.410400390625 0.4781491831719758 0.02490234375 0.022908227979253553
25 0.406982421875 0.4919271303129191 0.025390625 0.023574422808912015
25 0.4033203125 0.5060381748686916 0.0244140625 0.02289307481626161
25 0.557861328125 0.46087761544842243 0.02392578125 0.020924796653269812
25 0.55517578125 0.47495835367821115 0.02490234375 0.02160614464592007
25 0.552978515625 0.4890239387450081 0.02490234375 0.02160614464592007
25 0.549560546875 0.5034529275526181 0.02685546875 0.026875090631221177
23 0.393798828125 0.5287945990470337 0.03515625 0.03168998606874999
23 0.3896484375 0.5494312134324648 0.03515625 0.032992069402083324
22 0.3896484375 0.5692879842657982 0.02490234375 0.024861352979253404
22 0.38623046875 0.5869721814067415 0.02587890625 0.026193742638570622
22 0.381591796875 0.6050197822884978 0.02734375 0.027541285460879788
27 0.370849609375 0.661342735207653 0.03271484375 0.08499963692045724
27 0.353515625 0.7419587974938654 0.03466796875 0.08961754123909138
12 0.465087890625 0.4259962997502165 0.02783203125 0.027556438623871433
13 0.46142578125 0.44368807347265576 0.02734375 0.024286077127546307
13 0.458740234375 0.45744329086911123 0.02783203125 0.0243012302905381
13 0.455322265625 0.47122123801005444 0.02783203125 0.02430123029053825
10 0.4443359375 0.5086715591773722 0.03173828125 0.02637558059447335
10 0.44140625 0.5240619573219902 0.03173828125 0.027026622261140016
10 0.438232421875 0.5397854528814375 0.03173828125 0.02637558059447335
10 0.43505859375 0.5548579067742182 0.03125 0.02570938576481474
10 0.43212890625 0.5702483049188364 0.03076171875 0.027647357601822947
8 0.430419921875 0.585926340989308 0.02783203125 0.02299914695720477
8 0.426513671875 0.6006960037932432 0.02734375 0.024286077127546307
8 0.423583984375 0.6151098394378612 0.029296875 0.024997731446180598
1 0.420166015625 0.6295388282454711 0.02880859375 0.02368049494985532
1 0.416259765625 0.6446340118827397 0.02880859375 0.024331536616521987
1 0.41357421875 0.6583892292791952 0.0302734375 0.024376996105497817
2 0.408203125 0.6777616432387727 0.0341796875 0.029706554742766327
2 0.404541015625 0.6954534169612119 0.03466796875 0.02907066623909138
26 0.489990234375 0.4737260926042963 0.02587890625 0.023589575971903958
24 0.48779296875 0.49072136517109327 0.025390625 0.02227233947557868
24 0.484619140625 0.5038406940638739 0.02490234375 0.022908227979253404
24 0.482421875 0.517255237464004 0.025390625 0.02227233947557868
24 0.479248046875 0.5310256080234513 0.025390625 0.023574422808912015
24 0.476318359375 0.5454394436680695 0.0244140625 0.02289307481626161
24 0.473388671875 0.560178800146021 0.02587890625 0.024240617638570622
4 0.46923828125 0.5775602061981187 0.02685546875 0.024921965631221177
4 0.466064453125 0.5939347434242327 0.02734375 0.025588160460879788
4 0.462890625 0.6099837598170134 0.02783203125 0.025603313623871582
4 0.459716796875 0.6257072553764607 0.02880859375 0.026935703283188655
4 0.456298828125 0.6433914525174039 0.02880859375 0.026935703283188655
11 0.450927734375 0.6598341789769816 0.0302734375 0.024376996105497817
11 0.447998046875 0.6745735354549329 0.02978515625 0.026314967942505874
11 0.4443359375 0.6899866633440389 0.0302734375 0.02567907943883115
11 0.44091796875 0.7050666938183155 0.03173828125 0.028979747261140016
15 0.513671875 0.5387463725325226 0.02587890625 0.021636450971903958
15 0.511474609375 0.5521609159326527 0.02490234375 0.02355926964592007
15 0.509033203125 0.5675361609142789 0.025390625 0.023574422808912015
15 0.506103515625 0.582926559058897 0.02490234375 0.022908227979253553
15 0.502197265625 0.5970451801961656 0.02685546875 0.02427092396455451
15 0.49951171875 0.6130790434259543 0.02734375 0.026239202127546307
16 0.572998046875 0.5466708882290069 0.01953125 0.01492904318634262
16 0.5712890625 0.5555129867994785 0.02001953125 0.016246279682667897
16 0.56982421875 0.5653240712884542 0.02001953125 0.016246279682667897
16 0.568115234375 0.5735151281922591 0.01953125 0.015580084853009287
16 0.565673828125 0.5833565190072186 0.02099609375 0.016927627675318302
16 0.56396484375 0.5921986175776904 0.0205078125 0.016912474512326508
16 0.56201171875 0.6036524593963245 0.02197265625 0.01891105900130204
14 0.55908203125 0.6157876492076093 0.02099609375 0.016927627675318302
14 0.55810546875 0.6262346222002598 0.02099609375 0.01757866934198497
14 0.5556640625 0.6360760130152193 0.02099609375 0.01757866934198497
14 0.553955078125 0.6468712365856909 0.02197265625 0.017608975667968707
5 0.640380859375 0.6751136059027916 0.04443359375 0.07689977116559603
27 0.619873046875 0.8254896220817846 0.0400390625 0.09043526769866912