6 0.40109659103123474 0.9450352087793789 0.016754976156595713 0.013137251953365237
6 0.40270329963517093 0.9373687310392841 0.016763499137517623 0.013788293620031903
0 0.40531763684105765 0.9135305132467405 0.016772022118439645 0.01443933528669857
0 0.40666315885814996 0.9045410918504689 0.016780545099361666 0.015090376953365237
0 0.4077688017407032 0.895856330964687 0.017251780387517623 0.013830014265719134
0 0.4086516114505614 0.8887783139227281 0.01722621144475167 0.011876889265719134
18 0.49620625988857625 0.796111054771135 0.023965924817162865 0.04236717432631979
18 0.5013527303128673 0.7607835505298713 0.024462729048084775 0.04305993663867369
18 0.5060194424680803 0.726065367309587 0.024445683086240955 0.041757853305340355
18 0.5116669786137543 0.6917561462140105 0.024951010298084775 0.04310165728436092
7 0.4540642390380084 0.8555906796173266 0.026639922889503342 0.023086248200443176
7 0.4553330542268029 0.8407418832210549 0.026639922889503342 0.023086248200443176
7 0.4578268340310583 0.8263229092723344 0.027633531351347385 0.024471772825150968
7 0.4600594272484697 0.8105809916674372 0.027128204139503342 0.023127968846130404
19 0.4785886725058466 0.67982541929679 0.028610093851347385 0.02455521411652543
19 0.48107392932918003 0.6647554036814032 0.029081329139503342 0.023294851428879177
19 0.4830794278834354 0.6502947090869956 0.029595179332269295 0.02528969707456626
19 0.4850764034567689 0.6351829728259214 0.030083460582269406 0.02533141772025349
17 0.3864768749958809 0.8342082305124906 0.02074645596581548 0.019981433785529745
17 0.38798556931921435 0.8190547736057292 0.021748587408581432 0.022018000076904205
28 0.38000520773836455 0.6379109236803261 0.01731996423489357 0.019038347599052614
29 0.3803230293699249 0.6249318109926799 0.014356184811205597 0.016183857058262714
30 0.3811120862896413 0.6106923356173878 0.007023443080283576 0.014907005706287594
30 0.37670903205871936 0.6096658081395362 0.007511724330283576 0.014948726351974972
30 0.3867187976837193 0.610521081376124 0.005995742694751671 0.010917314414913282
32 0.3176760951409518 0.8319063486372595 0.03430506087638263 0.049753724552418
31 0.3182648620090016 0.8023673940953007 0.029337018567162865 0.04282610142887903
9 0.3392745481149605 0.6002892829111307 0.022185730773049528 0.018153470722591436
9 0.3401147429202088 0.5899560575358385 0.023162293273049528 0.018236912013965895
9 0.34167883661953513 0.5790343714624103 0.021688926542127618 0.01746070841023754
20 0.2731828405244979 0.8235524782130561 0.04091087789148917 0.03275968859203893
20 0.2746489199432215 0.8051438129729614 0.04138211317964524 0.031499325904392826
20 0.27685594421786697 0.7874487703680643 0.04186187144872322 0.030890004883413386
20 0.27930710911751244 0.7697745880860105 0.04089383192964524 0.03145760525870559
20 0.28028064579577505 0.7509986813668953 0.04139915914148906 0.032801409237726155
20 0.28245357814673266 0.7306994720953313 0.042898094815177146 0.03553073784145452
21 0.28405726092893135 0.7041736463447469 0.040944969815177146 0.03536385525870559
21 0.28668012111574004 0.6809864702188703 0.041441774046099056 0.03605661757105957
21 0.2890716251489317 0.6587549962701499 0.041930055296099056 0.03609833821674672
21 0.2914716521630454 0.6371745639880962 0.041938578277020966 0.03674937988341339
21 0.29382906427254907 0.6123389233727092 0.04198971616255287 0.04065562988341339
25 0.5762736439704927 0.5785941895379619 0.025175079139503342 0.022961086263381485
25 0.5780350018997482 0.5641126346207107 0.026151641639503342 0.023044527554755945
25 0.5805287817040036 0.5496936606719904 0.025663360389503342 0.023002806909068713
25 0.5825342802582589 0.5352329660775829 0.025663360389503342 0.023002806909068568
25 0.4216759933007763 0.5796916615217808 0.026151641639503453 0.023044527554755945
25 0.42367296887410977 0.5645799252607065 0.027128204139503342 0.02312796884613026
25 0.42518592468790417 0.5497519891872784 0.027128204139503342 0.02312796884613026
25 0.4274099949243937 0.5333590299157145 0.027170819044113337 0.02638317717946359
23 0.5914749662618407 0.5103095125123067 0.037021673853333104 0.03372800675987472
23 0.5948472942854934 0.48848700068829415 0.03701315087241097 0.033076965093208045
22 0.593589473415068 0.46691918439691976 0.028164427505957157 0.027768701804171386
22 0.5962762559587915 0.448614820771043 0.02817295048687929 0.02841974347083805
22 0.5991943946561321 0.4293547549680099 0.027667623275035247 0.027075939491817486
27 0.6059615938244658 0.36880350830949515 0.03242617136723336 0.09251387132398188
27 0.6189796706309203 0.2827738237010911 0.03443895723368717 0.09723804557339744
12 0.5238874755195704 0.6193148953142321 0.028155904525035247 0.027117660137504718
13 0.5265572121014499 0.599708448355022 0.028113289620425252 0.023862451804171386
13 0.5290509919057054 0.5852894744063019 0.027625008370425252 0.023820731158484154
13 0.5313134155563438 0.5718262026347379 0.027625008370425475 0.023820731158484154
10 0.5395399613154931 0.5296084242571077 0.03401527952503525 0.02761830788575133
10 0.5420166951579045 0.5138873669750542 0.03400675654411334 0.026967266219084667
10 0.5442492883753159 0.49814544937015687 0.03401527952503525 0.02761830788575133
10 0.5464733586118055 0.481752490098593 0.03450356077503525 0.027660028531438563
10 0.548200624617373 0.4646667685146752 0.03353552125595716 0.028227628906730768
8 0.5494523938443234 0.44851588878507015 0.029081329139503342 0.02329485142887903
8 0.5519291276867349 0.43279483150301656 0.029595179332269295 0.02528969707456626
8 0.5536734396541463 0.417011193252432 0.031051500101347163 0.024763817344961286
1 0.5566384547465578 0.4013318566160657 0.030571741832269295 0.025373138365940722
1 0.5591279730603522 0.38658736183401193 0.029578133370425475 0.023987613741232927
1 0.5603797422873027 0.370436482104407 0.030066414620425475 0.02402933438692016
2 0.5662062610323383 0.34979913600883056 0.03552273817964524 0.030998678156146358
2 0.5691329227106008 0.3311901118724641 0.03551421519872333 0.030347636489479617
26 0.49370723632542185 0.5679626712501554 0.027625008370425364 0.023820731158484154
24 0.49516905425368435 0.5492284851767274 0.027136727120425364 0.023779010512796923
24 0.4969304121829398 0.5347469302594763 0.026639922889503453 0.023086248200443027
24 0.49893591073719523 0.5202862356650687 0.026648445870425252 0.023737289867109695
24 0.5009414092914506 0.5058255410706612 0.026151641639503398 0.023044527554755945
24 0.5031740025088621 0.490083623465764 0.027145250101347385 0.02443005217946374
24 0.5056507363512736 0.4743625661837103 0.027145250101347385 0.02443005217946374
4 0.5078321916831532 0.45471439857881313 0.02765057731319137 0.025773856158484154
4 0.5100562619196426 0.4383214393072492 0.029132467025035247 0.027201101428879177
4 0.5127686134061321 0.42197020068137253 0.029612225294113337 0.026591780407899595
4 0.5149756376807776 0.40427515807647524 0.028635662794113337 0.02650833911652528
4 0.5174353255613451 0.3872520174610883 0.028635662794113337 0.02650833911652528
11 0.5218225694991467 0.36844263442845016 0.031068546063191427 0.026065900678294618
11 0.5245434439665582 0.3527424374692401 0.03155682731319143 0.02610762132398185
11 0.5267675142030477 0.3363494781976762 0.03207067750595716 0.028102466969669077
11 0.5284947802086151 0.31926375661375844 0.03158239625595716 0.028060746323981922
15 0.4635026638572308 0.49612349500892244 0.027128204139503342 0.02312796884613026
15 0.46549963943056427 0.48101175874784824 0.027625008370425364 0.023820731158484154
15 0.4674966150038977 0.46590002248677403 0.029098375101347385 0.024596934762212364
15 0.46924092697130915 0.45011638423618966 0.026665491832269295 0.025039373200443176
15 0.47171766081372063 0.4343953269541359 0.029098375101347385 0.024596934762212364
15 0.4734534498002101 0.41796064703688485 0.027170819044113337 0.02638317717946359
16 0.39947815924077695 0.48610079875723033 0.021192122311205597 0.01676794609788364
16 0.4000912593828692 0.47704879639242787 0.021183599330283576 0.016116904431216977
16 0.4014239969285785 0.46708281249615613 0.021183599330283576 0.016116904431216977
16 0.4022727147147488 0.45740062878753057 0.021192122311205597 0.01676794609788364
16 0.4036054522604581 0.44743464489125895 0.021200645292127618 0.01741898776455031
16 0.4049339283157064 0.4371431401616539 0.021192122311205486 0.01676794609788364
16 0.40650228350549367 0.42654697492155913 0.022194253753971438 0.018804512389258104
14 0.4082721644156711 0.4127164616709747 0.022674012023049528 0.018195191368278667
14 0.40982773513407544 0.40114373393087993 0.023162293273049528 0.018236912013965895
14 0.41090354758340175 0.3901803272117646 0.022674012023049528 0.018195191368278667
14 0.4119665755613451 0.3782403579926494 0.023162293273049528 0.018236912013965895
5 0.3156911751708488 0.34497714694844456 0.04694676415340371 0.08399986569459846
27 0.32600734032489254 0.18295508591346854 0.043741869926453236 0.09998386284145454