7 0.06361583025837839 0.491996657761739 0.060172911262726676 0.1254583056035973
7 0.1036975052588755 0.4971900575302926 0.05870238584599374 0.12479590098808124
7 0.14500272421773913 0.5027184472562208 0.057714460012527835 0.12348624235551482
7 0.18702900171813686 0.5069504351232405 0.056266661262726725 0.12542800440666527
7 0.22980190526036692 0.5128157086313515 0.05429080959579491 0.12280868714153274
7 0.2720780050524976 0.5177006319898461 0.05232632126232903 0.12149145320973324
7 0.3150865267196282 0.5225912368227653 0.05918498542926076 0.12414864697103105
17 0.661479632138648 0.5483886595675358 0.05063989250974377 0.09608946526088384
17 0.7062170240143439 0.5555711670074462 0.04966333000974377 0.09608188996165075
3 0.8070842040176252 0.5885779853284467 0.0739811462643174 0.1411893597928596
24 0.9170203206680521 0.429936361107677 0.06892220209559596 0.12096919163002795
24 0.9588024575434497 0.43416645514988844 0.06207490126213022 0.11961408120206347
24 0.9840468316856241 0.4386103343617462 0.03190633662875175 0.11746021077238862
24 0.9736669359621082 0.49905873047171695 0.052666128075783636 0.016688895474866072
6 0.5069821883578256 0.24447632553680196 0.028025550007954203 0.07833710837852441
6 0.529939929607925 0.2456309075687778 0.02803691334142 0.07963919171185774
6 0.5274193221126975 0.29248318167107873 0.02358522333505686 0.0171088905149257
6 0.5496815723215611 0.2978638530619632 0.0231367137521874 0.0216623945319759
6 0.5521964981500557 0.25036053729299557 0.02851383125795426 0.07834089602814094
6 0.575659565650354 0.25347203197458795 0.02802555000795426 0.07833710837852441
6 0.5721425098215611 0.29803808494432255 0.023573860001590896 0.01580680718159237
0 0.5887243575325127 0.3238811170398089 0.0220806079179261 0.012540235899409483
0 0.5920485787814189 0.3131654430871244 0.024544740834858025 0.01516334081415871
0 0.6145294021149843 0.3156183208028171 0.0225688891679261 0.012544023549026026
0 0.6351025537824133 0.3232643812533771 0.02258025250139184 0.013846106882359285
0 0.6580602950325127 0.3244189632853529 0.02501597708465897 0.013214003463775178
0 0.5951116144051265 0.30049475030963174 0.024550422501590674 0.015814382480825378
0 0.6178394191970582 0.303275042683466 0.025033022084858025 0.015167128463775251
0 0.6396162289892884 0.30897744725806725 0.025566756668721435 0.02037924944672505
0 0.6640388139893878 0.3101433922388926 0.026549000835454528 0.02103786641262473
0 0.5979047708590187 0.25689957836547234 0.02802555000795426 0.07833710837852441
0 0.6213564750258511 0.25870898971373135 0.02803691334142 0.07963919171185774
0 0.6443198979426834 0.26051461341237386 0.02999003834142 0.07965434231032376
0 0.6682655650262488 0.26297885407691607 0.029513120424885964 0.08095263799404062
18 0.05099239381512485 0.6400006889143351 0.09171233417707338 0.10291804449533704
18 0.14120528110824976 0.6550224269352475 0.11468996126073815 0.10635127236064612
18 0.24408223173434346 0.6665619146795222 0.11271979126053933 0.10438299676218026
19 0.23191024982842162 0.36277711801200035 0.05139521209619258 0.12669221124383365
19 0.2707740625372852 0.368286569489846 0.049459132096391495 0.12863018564536752
19 0.30889977170441585 0.3731392978266003 0.05045842126332323 0.1312419276112672
19 0.34700559503798123 0.3757133803300212 0.04899357751332323 0.13123056466241767
19 0.3868459702468448 0.3812304071070998 0.05288278251312439 0.12930774085934973
9 0.6294408398064482 0.1500551028983034 0.02912710917607919 0.09266760034442408
9 0.6524326710569452 0.15511593493027928 0.030574907925880357 0.09072583829327363
9 0.6771107600155106 0.15758585706924622 0.030086626675880357 0.09072205064365708