10 0.7526579072766731 0.8427616017909718 0.4222639805663224 0.14263755688812596
10 0.7133179746870026 0.7582429567350584 0.3789779540651536 0.14482929457759663
8 0.6934505838024508 0.6851958066545194 0.38436965864556455 0.15477404772944325
8 0.6640480294389093 0.5764923685891999 0.38715719655930886 0.16461644193737723
8 0.6284731952327135 0.46389651352507805 0.3795368111234163 0.15896386109161875
1 0.6016457028808305 0.35115783864665984 0.38959448064322677 0.16276567588128943
1 0.5735956958133389 0.22790832202525255 0.3918144181816789 0.17355904285324558
4 0.286473726986437 0.8543662887617776 0.33870455737049393 0.16709174298902374
4 0.25477603812523325 0.737786376356513 0.3360421813938112 0.15871419253108954
4 0.2173984728374575 0.6192799668204351 0.32832961134951444 0.16717058846337496
4 0.19495314523732787 0.5008738399618522 0.31848054505814005 0.16581017992370434
4 0.17254129395072113 0.3790625392212582 0.2943502827457862 0.16437507844251642
11 0.17656308380629473 0.2704562694338082 0.31899867944044596 0.1414984763676164
11 0.1452777307585831 0.1852809335776205 0.26543963281346156 0.07661655465524098