18 0.6192920947971328 0.35934029026071806 0.053444897966874017 0.08681353742634783
18 0.6056941811964354 0.429570259496014 0.051752541062694224 0.08150284514910222
18 0.5910319797642366 0.49613420044471646 0.05008862330278707 0.07684319453852329
18 0.5785361969140812 0.5579518074853019 0.04650001968715234 0.07269810700272823
7 0.5837459614522431 0.1864158862392938 0.060238404570434056 0.052888363108516856
7 0.5782755585172581 0.2219502207221946 0.05923340292616164 0.05216908214590873
7 0.5723879721929543 0.2558228313904581 0.05814308384907174 0.04949667618330059
7 0.5660832024793316 0.28803371824408414 0.05765480259907152 0.04946255653532994
19 0.5200940464102113 0.5391748925808436 0.053634796021981845 0.04658543268489742
19 0.5153820965958147 0.5685584508783817 0.051340401290712434 0.03863645409301449
19 0.5111418005605978 0.5927507356665721 0.05085212004071238 0.03860233444504383
19 0.5069015045253807 0.6169430204547623 0.05139727957925744 0.03993853742634782
0 0.5214465320809596 0.048518174514043645 0.04011474833808082 0.02681811350432506
17 0.450684277209906 0.13238544940872032 0.045822296021981845 0.04603951831736571
17 0.44517121555851247 0.16889634639162113 0.04740089634907174 0.04874604392794457
32 0.32477594903196566 0.04914205252046224 0.07798716443606868 0.05802292043546314
31 0.3125124951333581 0.11685315420901836 0.06832084862105359 0.09304546019880304
31 0.33988709217631474 0.1236637268193646 0.02331847198560455 0.07691973890013326
9 0.27861993291570675 0.5115264195113469 0.038735222020898075 0.028668879560412936
9 0.27688973309248677 0.5287107843820721 0.03767334208808082 0.026647515264471327
9 0.2749438317885392 0.5452270477621453 0.03827537991517049 0.0292858015791088
20 0.24479254523955096 0.03016595643862513 0.06607897202089807 0.030579579846773747
20 0.24013747371369926 0.058247431402830015 0.07488202627306562 0.06494554123300135
20 0.23823205104744494 0.10186722306949669 0.07720967594597583 0.06251197280618834
20 0.23544960288614414 0.14314012960688857 0.0768067121287932 0.06443097815821759
20 0.2365876242969796 0.1843604724947129 0.06919810193606868 0.05740876677199001
20 0.22663737267917736 0.2215408551458772 0.08545357890743094 0.061789923488357434
21 0.22373176416601886 0.27684527716457313 0.08180328120588298 0.06737634130459158
21 0.2220562625526283 0.3208076494885585 0.08013936344597589 0.0627166906940128
21 0.21981897392987246 0.36081259234058777 0.07617623515743094 0.06114165017691361
21 0.21829988760998037 0.4011942354979065 0.07408091443606868 0.057749963251697345
21 0.21517135392004189 0.4391778140539943 0.07663607726315846 0.0605247281582176
5 0.19757188377282453 0.786012424147474 0.07077624662322113 0.12696786616141123
27 0.1833463567393864 0.9322764056132756 0.0460449933787932 0.06228144033606172
16 0.3300638738498377 0.7185396752023987 0.0327620904438084 0.02565527711809749
16 0.3269541477094351 0.7336685561292118 0.032591455578173556 0.021749027118097192
16 0.3258402052854411 0.7479573531479077 0.031098172683901137 0.020995626507518555
16 0.3243232990442645 0.7602589055186328 0.03204629603962861 0.0204128241367935
16 0.3238398335916328 0.7713266138519662 0.03006473189535619 0.019625303878243905
16 0.32240824478327357 0.7816750412226915 0.03207473518390114 0.021063865803460164
16 0.3214080589363695 0.7933596715747205 0.031643332222446086 0.022331829488822546
14 0.32043872013242186 0.8099441742507354 0.03373865294380829 0.0257235164140391
14 0.31799031800633815 0.826751838816171 0.03365333551099092 0.0237703914140391
14 0.3159424717987528 0.8399958340389255 0.03267677301099092 0.02370215211809749
14 0.31415298578830375 0.8529313682523321 0.03259145557817367 0.02174902711809749
25 0.39197537213497813 0.6242585019962782 0.04711650490634711 0.04223562726127783
25 0.3882233573497611 0.6484849064324392 0.044333828925077645 0.03425252902142425
25 0.38434095851663397 0.6700900843779481 0.04324350984798797 0.03158012305881611
25 0.38251122168846036 0.6895530950820067 0.044333828925077756 0.034252529021424095
15 0.4184454158184906 0.7638972502529984 0.04326713319489217 0.04326475341084546
15 0.4143639429754562 0.790059719865174 0.041432580569350286 0.03469885280026652
15 0.4100074824644653 0.8113052573293787 0.04175022695371544 0.030826722448237476
15 0.4074453237612917 0.8307170885614813 0.04080210359798797 0.03140952481896253
15 0.404940043346663 0.8488268364602504 0.03928038155944302 0.030005082541716927
15 0.40220484187917055 0.8665940037017009 0.04028538320371544 0.030724363504325208
11 0.4431167975367547 0.961529886315008 0.04591242925216754 0.03695905463200303
11 0.4400379184393087 0.9815586395658064 0.043158192415170604 0.029626998058816117
11 0.4376321750296336 0.9914338218935983 0.044106315770898075 0.0171323562128034
26 0.487325871370194 0.7118968973770178 0.04591242925216754 0.03695905463200333
24 0.482597294084977 0.7360550625172372 0.04330038813653281 0.03288220639214945
24 0.4790159141653947 0.7563752169533982 0.04330038813653281 0.03288220639214945
24 0.47540609510153997 0.7773464130562258 0.04327194899226039 0.032231164725482785
24 0.4716943311340476 0.7950453410017347 0.04272678945371555 0.03089496174417879
24 0.46814139035873775 0.814714453771229 0.04221006905944302 0.030209800429541172
24 0.46486102935270035 0.8337495846980421 0.04126194570371555 0.030792602800266522
4 0.46067761160602827 0.856639786152899 0.04183554438653281 0.03277984744823718
4 0.4571246708307185 0.8763088989223933 0.04180710524226039 0.03212880578157081
4 0.45285352775254495 0.8956013113865983 0.04080210359798797 0.03140952481896253
4 0.45056394881864376 0.9143791607760194 0.04074522530944302 0.0301074414856289
4 0.4463781231732875 0.9317184482402242 0.04175022695371555 0.03082672244823718
12 0.5568013688729034 0.6743047602876304 0.049557911156347334 0.042406225501131566
13 0.5508118376449619 0.7049051027985751 0.04912650819489217 0.04367418918649394
13 0.5450782587154724 0.7296460703095199 0.047320394713622704 0.03575933024258197
13 0.5419993796180265 0.7496748235603183 0.047320394713622704 0.035759330242581676
10 0.5347418985712766 0.8036956062472775 0.05392400326207469 0.0420622606662017
10 0.5295392596081958 0.8274941309061932 0.053668050963622704 0.0362028856662017
10 0.5249955367607498 0.8474205252130792 0.05271992760789512 0.036785688036926466
10 0.5214141568411675 0.8677406796492403 0.052174768069350286 0.035449485055622475
8 0.5110585335074984 0.8973829036617819 0.046713541089164534 0.04415463261330702
8 0.5062730779337365 0.9228431521353345 0.04473679274226039 0.03233352366939476
8 0.5027770154469717 0.9412101815714955 0.04424851149226039 0.032299404021424394
1 0.49966728930656906 0.9563390624983086 0.04370335195371544 0.030963201040120108
1 0.4965575631661664 0.9714679434251217 0.044106315770898075 0.02904419568809106
1 0.49314681811221883 0.9861830638466259 0.04467991445371555 0.027633872306748113
2 0.4918338016783177 0.9940644952313731 0.04933039800216754 0.01187100953725384
25 0.6090505539814937 0.7843994909428872 0.04579867267507787 0.03435488796533637
25 0.60453527027832 0.8036748435831066 0.04378866938653281 0.032916326040120104
25 0.6007381888780101 0.8233268965286156 0.04169334866517049 0.029524639114903845
25 0.5960356428383815 0.8412831060115163 0.04229538649226039 0.03216292542954117
23 0.5954029857883038 0.8725842854834726 0.05888731739752373 0.055390170831271256
23 0.587130871502545 0.9049842145785489 0.05794400983916459 0.04493938451663393
22 0.5756516741501452 0.9267115796471783 0.041432580569350286 0.03469885280026652
22 0.5696004488362906 0.9475121775101524 0.04031382234798797 0.031375405170991875
22 0.5642674258252997 0.9686894756784157 0.04281210688653281 0.032848086744178794
27 0.5478557613804076 0.9866715699429501 0.045381261465790246 0.02665686011409966
28 0.3521677273066513 0.49283016640166694 0.03155319899226039 0.03141229317418522
29 0.34811228570920527 0.5127906803565239 0.02543787169380829 0.025143482398536438
30 0.34473238769821435 0.5341044571166702 0.013316157876625656 0.02624361619926822
30 0.3372493457560317 0.5316224775731239 0.012368034520898075 0.02682641856999342
30 0.35624724789093887 0.5283787923533304 0.012168960510990923 0.022269126903326903
30 0.3645005546271619 0.5188335608875286 0.009727554260990923 0.02209852866347317