18 0.36322824294503075 0.6948467999890676 0.06136508116851025 0.06720193851971216
18 0.41680707424074004 0.6889267286490274 0.05793006645666621 0.0656344231731693
18 0.4676747897186834 0.6808449785843225 0.054495051744822276 0.06406690782662643
18 0.5149102262548537 0.6747574829102264 0.05149718039744644 0.058631061339113444
7 0.23736316038144967 0.6190588429107371 0.035176876267871804 0.07882619513209566
7 0.26442441634230074 0.6182336520868986 0.03467154905602787 0.07748619293973243
7 0.2902479232163079 0.6160115807821519 0.03270990107510585 0.0766834758369459
7 0.314842203984393 0.6130436706631638 0.03270137809418383 0.07603243417027923
19 0.506057922582372 0.5947236978324141 0.03115982751588614 0.07005930259318942
19 0.528236366043223 0.5935193184182762 0.02527488357312002 0.06765115128483028
19 0.5467484386386132 0.5917050267280805 0.02477807934219811 0.06696219075913357
19 0.5650206320994642 0.5901972964417032 0.02625144607312002 0.06772698900289005
6 0.014121296035280041 0.5197745120521158 0.015338798954680481 0.05387194077089822
6 0.028264406323436082 0.5195720756306506 0.024110815492836515 0.05325239690010367
0 0.08164171189875527 0.5168882531944287 0.02360548828099257 0.051912394707740304
0 0.10015804598460636 0.5153994823375663 0.023614011261914536 0.05256343637440697
0 0.12064028954184042 0.5150389494168236 0.022637448761914536 0.05248759865634719
0 0.13745616223361348 0.5140685042200231 0.0216694092428365 0.05306280260495407
17 0.20885794033875593 0.4350640381193022 0.0315117410711343 0.059680554785552786
17 0.23640321605914602 0.43395124532116025 0.03300215376390031 0.06174743636264246
32 0.14942356774936 0.25452076077946617 0.054021345119219175 0.10240252844189983
31 0.20912722212237422 0.25070227934396677 0.06504726232709157 0.08764966219958843
31 0.2120501767944662 0.28767572780578315 0.056947452313191316 0.027836087647472734
9 0.5064691959200693 0.2721672603265318 0.01871415280007055 0.05088216445077435
9 0.5194086490450693 0.27317211009082515 0.017240786069148584 0.050117366207017865
9 0.5320911770736864 0.2731814379256035 0.019193911069148584 0.05026904164313765
20 0.13799046431038914 0.14501946583601913 0.04310017501985754 0.08789643854324125
20 0.1716520401271622 0.14535722127575143 0.042739738483687284 0.09762414468421132
20 0.2044009758008501 0.15050195149742387 0.04083775136921919 0.10137871924809157
20 0.2354196196472331 0.1538863615458249 0.04229407213829722 0.10084143415851472
20 0.2662580452255309 0.16213462466471093 0.037283414924467406 0.09069662056821533
20 0.2947031766176232 0.15523829458462893 0.03951779829489288 0.11233267100433508
21 0.3362369133008501 0.16074004343550694 0.044323903966595024 0.10685248459463444
21 0.368985848974538 0.16588477365717938 0.04088888925475098 0.10528496924809157
21 0.399280593926843 0.16986334708370213 0.039835619926453236 0.09934975653003171
21 0.4293397212350699 0.1744740027473766 0.037856925983687284 0.09724495609391193
21 0.4579041743600699 0.17669225600062796 0.03936438463829717 0.1006139210043351
5 0.7183541091712755 0.21187696619691776 0.09091764559616955 0.08900832006150845
27 0.8432859253238996 0.2163758607752483 0.07256145799482239 0.06546990561073403
16 0.6563440538741467 0.37485938623448095 0.016658752029006685 0.042917989014654566
16 0.6677845713254587 0.37314631275501786 0.013729064529006685 0.04269047586047492
16 0.6787751609409197 0.3743250079165248 0.013223737317162865 0.0413504736681117
16 0.6880397202195367 0.37406890373809354 0.012752502029006685 0.04261463814241514
16 0.6963490244504587 0.37536456600826923 0.012230128855319045 0.03997255261671858
16 0.7041530014695367 0.3753202260860815 0.013240783279006685 0.042652557001445025
16 0.7129420639695367 0.3760027655486204 0.014200299817162865 0.04142631138617148
14 0.7254017588254587 0.37762073812055047 0.01668432097177286 0.044871114014654566
14 0.7380757638731538 0.37697902428866215 0.015210954240850727 0.044106315770898075
14 0.7483168856517708 0.3767987578282908 0.015193908279006685 0.04280423243756474
14 0.7580697261803879 0.3765805725088896 0.013729064529006685 0.04269047586047492
25 0.5806214255255646 0.4405207087001142 0.028119341263900255 0.06136824777234325
25 0.5991462825923377 0.4396829795099186 0.022225874340212393 0.058309054797317295
25 0.6154653510531887 0.4380235737874214 0.020255703378368572 0.0568552960278641
25 0.6303536676877277 0.4388545781545011 0.022225874340212393 0.058309054797317295
15 0.6823561752970182 0.4988256416859779 0.02902771991652431 0.0562357521570697
15 0.7023416146233302 0.49777614823953864 0.022663017704680488 0.05444072365634719
15 0.7186521601032594 0.4954657008503749 0.019741853185602398 0.054864252168834206
15 0.7332878131318763 0.49562670412127297 0.020213088473758578 0.053600087694530764
15 0.7469383806795714 0.4950608280074445 0.019699238280992626 0.05160904383550088
15 0.7605889482272665 0.4944949518936161 0.019716284242836668 0.052911127168834206
11 0.8278432348290036 0.5644305625550209 0.024204568282978345 0.06041385523343686
11 0.8429543846362377 0.563652922184949 0.018799382609290483 0.05739258111744109
11 0.8551443699243937 0.5632988103273641 0.018328147321134303 0.058656745591744386
26 0.6378183889227977 0.5805666867000121 0.024204568282978123 0.06041385523343686
24 0.6560820594027268 0.5784079147469681 0.02123226587836835 0.05693113374592403
24 0.6716729674790389 0.5770171515692594 0.021232265878368572 0.05693113374592403
24 0.687508016180351 0.5756453478210656 0.02074398462836835 0.05689321488689399
24 0.700901658631663 0.5740839497777223 0.01975889914744644 0.05616633550216754
24 0.7160042854579751 0.5726552677409836 0.01975037616652431 0.05551529383550088
24 0.7306228925247481 0.5715141876785484 0.019733330204680488 0.05421321050216754
4 0.7479185234855993 0.5699306196741112 0.021198173954680488 0.05432696707925736
4 0.7630211503119113 0.5685019376373726 0.020718415685602398 0.05494008988689399
4 0.7778668520418404 0.566077733671119 0.020213088473758578 0.053600087694530764
4 0.7920142238204575 0.5662008180829872 0.019236525973758578 0.05352424997647098
4 0.8053950818003865 0.5636628575396437 0.019741853185602398 0.054864252168834206
12 0.6038127413472651 0.6657271538498566 0.02817047914943216 0.0652744977723431
13 0.6269464398558113 0.662971007987112 0.029129995687588117 0.0640482521570697
13 0.6459254862488965 0.6595670309892795 0.023253574725744297 0.062291142515377075
13 0.6610366360561305 0.6587893906192076 0.023253574725744297 0.062291142515377075
10 0.7020053846610597 0.6583938456110556 0.027262100496808106 0.07040699338761651
10 0.7202605321600667 0.6555840319913449 0.022876092227730016 0.07071676532301385
10 0.7355902536495349 0.6528722260507879 0.023347327515886196 0.06945260084871041
10 0.7511854232163079 0.6518069837064125 0.022362242034964064 0.06872572146398397
8 0.7739982742715562 0.643172503414153 0.029575662032978345 0.060830962682766256
8 0.7934783863860243 0.6407830077753505 0.020769553571134303 0.05884633988689399
8 0.8073645715777974 0.6395850494243703 0.020761030590212393 0.05819529822022732
1 0.8190492296541094 0.6378909353744221 0.019775945109290483 0.05746841883550088
1 0.8304897471054216 0.6361778618949591 0.018328147321134303 0.058656745591744386
1 0.8429068270567336 0.6345406261335557 0.019792991071134303 0.058770502168834206
2 0.8573153854221945 0.6359847533082722 0.02377594789943216 0.06493322804107378
2 0.8726621528735067 0.6345750307010486 0.021308972706666207 0.06279050874592403
25 0.6810499889625128 0.7530227041918601 0.022251443282978345 0.060262179797317295
25 0.6958914292019809 0.7502729793922732 0.021240788859290483 0.05758217541259055
25 0.7109897945378321 0.7485187765222013 0.018765290685602398 0.054788414450774425
25 0.7248504107868392 0.7453676931712211 0.02121521991652431 0.05562905041259055
23 0.7480778620855271 0.7497730056418099 0.03710443232510574 0.07702474556821552
23 0.7728821915549242 0.74421988828567 0.02929193232510574 0.07641804382373636
22 0.7902941184269456 0.7328896547107476 0.022663017704680488 0.05444072365634719
22 0.8063306928486478 0.7282816020587356 0.020204565492836668 0.0529490460278641
22 0.822628453857194 0.7249945921695717 0.02122374289744644 0.056280092079257216
27 0.8646431844782224 0.7113474901423281 0.07148261972375858 0.0575815678926741
27 0.928377907743329 0.6987367356752499 0.0670625195309924 0.05528717316140478
28 0.48598929700013954 0.3658574752663663 0.021515995586240844 0.04134405260495392
29 0.5015716820955296 0.363815670421991 0.016530907315177146 0.033152364014654566
30 0.5174152537777637 0.36309490834046393 0.018750716061205708 0.016414874976470983
30 0.5163065850734729 0.3529279247890707 0.019718755580283576 0.0158396710278641
30 0.5122359270985083 0.3773262383911346 0.015812505580283576 0.015536320155624672
30 0.5043113926777989 0.386791723050474 0.015769890675673748 0.012281111822291338