10 0.2877604166666667 0.451171875 0.12890625 0.267578125
10 0.4283854166666667 0.4541015625 0.12890625 0.27001953125
10 0.5677083333333334 0.45703125 0.13671875 0.2666015625
10 0.705078125 0.45947265625 0.13346354166666666 0.2666015625
10 0.8216145833333334 0.46826171875 0.09895833333333333 0.2392578125
8 0.9401041666666666 0.47705078125 0.11979166666666667 0.22900390625
25 0.042317708333333336 0.107421875 0.083984375 0.18701171875
25 0.14778645833333334 0.1083984375 0.12369791666666667 0.18701171875
25 0.2721354166666667 0.115234375 0.11393229166666667 0.19580078125
25 0.38671875 0.11474609375 0.12565104166666666 0.189453125
24 0.028645833333333332 0.77392578125 0.057291666666666664 0.220703125
24 0.11653645833333333 0.77587890625 0.13997395833333334 0.2265625
24 0.24153645833333334 0.783203125 0.12565104166666666 0.234375
24 0.3671875 0.78271484375 0.12890625 0.2255859375
24 0.49609375 0.78662109375 0.12565104166666666 0.2265625
24 0.6360677083333334 0.79736328125 0.13020833333333334 0.23291015625
4 0.7962239583333334 0.79052734375 0.15364583333333334 0.23681640625
4 0.9342447916666666 0.7978515625 0.13151041666666666 0.2392578125
23 0.6119791666666666 0.10205078125 0.18294270833333334 0.2041015625
23 0.7936197916666666 0.10107421875 0.18359375 0.2021484375
22 0.943359375 0.10986328125 0.11328125 0.189453125