10 0.09700520833333333 0.4736328125 0.193359375 0.43359375
8 0.33203125 0.482421875 0.24739583333333334 0.44140625
8 0.5618489583333334 0.4921875 0.21809895833333334 0.4140625
8 0.7760416666666666 0.49560546875 0.19986979166666666 0.390625
1 0.9361979166666666 0.49609375 0.126953125 0.38427734375
4 0.068359375 0.927734375 0.13671875 0.14404296875
4 0.08854166666666667 0.82763671875 0.17643229166666666 0.04052734375
4 0.2877604166666667 0.81494140625 0.21484375 0.04443359375
4 0.26953125 0.9228515625 0.267578125 0.15380859375
4 0.5208333333333334 0.91162109375 0.2545572916666667 0.17626953125
4 0.4895833333333333 0.80029296875 0.19791666666666666 0.04052734375
4 0.6653645833333334 0.7880859375 0.19986979166666666 0.04296875
4 0.7330729166666666 0.8994140625 0.24934895833333334 0.201171875
4 0.8977864583333334 0.89794921875 0.20442708333333334 0.20361328125