25 0.17643393499243998 0.1940502772584347 0.22180097936978704 0.2222186643213645
15 0.5527728095307767 0.05791980115332566 0.17195186906155335 0.11583960230665132
15 0.6754493101190792 0.06682066797166868 0.1809837120610034 0.13364133594333735
15 0.8023919848848111 0.07614703191474076 0.18027584026105833 0.15229406382948152
15 0.9204169076877801 0.0919240064122966 0.1591661846244398 0.15304900152956832
16 0.3430993093487151 0.46409457095518225 0.1214737131057045 0.14910513643049672
16 0.41002650223709997 0.47462151261439206 0.1215305432389829 0.1505699801804966
16 0.47475082280318937 0.48720111627855545 0.12208686801685224 0.14815701307476914
16 0.5427777101470106 0.5008592273463566 0.12162526012778023 0.15301138643049667
16 0.6136774548575535 0.5129245185149317 0.11894531995007569 0.15094450485340682
16 0.6826524896347358 0.5258075489913241 0.12752252188329916 0.1542439012289487
16 0.7588173978118903 0.5391101707557195 0.13022140543876284 0.15679906405603855
14 0.8605528930777598 0.5559423377684894 0.15114248883804807 0.17672364627848447
14 0.9386148406567699 0.5717504677674823 0.12277031868646009 0.17617848673993963
5 0.7494468821189284 0.944746093435209 0.25708372773151894 0.0594879883048014