18 0.5674641758454579 0.7273226504818148 0.02811832648348478 0.05279418966200152
18 0.5723550298568618 0.6778483402292897 0.02860660773348478 0.05284352264956923
18 0.5749690210167435 0.630874674254154 0.02811832648348478 0.05279418966200137
18 0.5795816213060665 0.582401592995413 0.02909488898348478 0.05289285563713723
7 0.5186092699317826 0.8165953679798665 0.03409006552410254 0.028745268154619197
7 0.5203135785028411 0.7956633686713973 0.035043885959382015 0.028192892463088388
7 0.5222392856341791 0.7753577445358107 0.03460108883882329 0.029445642808853496
7 0.5234780550199583 0.7538240365482428 0.03508937008882329 0.029494975796421723
19 0.5398268346150739 0.5783088771426498 0.033999097265220435 0.026141101487952383
19 0.5414856590566912 0.5586789611675139 0.034487378515220435 0.026190434475520163
19 0.543121741433588 0.5397000868590447 0.034487378515220435 0.026190434475520163
19 0.5443150266899259 0.5194684622048101 0.034975659765220435 0.026239767463088093
17 0.43525565065703237 0.8139882670144326 0.02516455063577916 0.023951024378396468
17 0.4369144750986498 0.7943583510392968 0.025675573950499686 0.024651399032630767
28 0.42270288500529407 0.5674363353069707 0.021144590312176303 0.020301152144519552
29 0.4223289872203895 0.5502823971154399 0.01710188792385281 0.016000238243976266
30 0.42340856215312456 0.5333059807945387 0.006916207868014501 0.01691737050504975
30 0.4175605581854849 0.5335724558120204 0.006405184553293974 0.016216995850815152
30 0.430221757588404 0.5332663606352543 0.007359004988573337 0.015664620159284343
32 0.35466582920081935 0.8367273144755725 0.042301224798205306 0.05487588796813784
31 0.3548665051208556 0.7961605427778258 0.03195635028932298 0.051235728562544956
31 0.37003733696793645 0.79365465766322 0.007314867142117154 0.04225866251748182
9 0.3767890738104849 0.5376917602739423 0.025357185044411645 0.015536815699297582
9 0.3784418761651759 0.5251986361383558 0.02442610667385281 0.016740233057495058
9 0.37965188139930806 0.5114527616570039 0.0249143879238527 0.016789566045062987
20 0.3024765906126208 0.840378339978674 0.0484321582918672 0.035384258127422186
20 0.3050497734470028 0.815466091188853 0.04894318160658795 0.03608463278165708
20 0.307832983809304 0.791505738405248 0.04738736959770551 0.03333246715228633
20 0.3098951433289655 0.7672938642696615 0.047341885468264344 0.03203038381895299
20 0.31240009996918583 0.7443347404798404 0.04638806503298487 0.032582759510483804
20 0.31397397823884726 0.7201721993318219 0.047898392912426146 0.03403284180652092
21 0.3157130730484792 0.6843155746775872 0.04454865035658795 0.035640635893545415
21 0.3191437591138244 0.6557485972397475 0.0455024707918672 0.03508826020201461
21 0.3225630741468094 0.6275071406352413 0.04552521285658784 0.035739301868681274
21 0.3254941079297944 0.5993150170183029 0.04552521285658795 0.035739301868681274
21 0.327437208180419 0.5715470802098337 0.0445259082918672 0.03498959422687875
25 0.650185801671491 0.41373093064887884 0.032534253515220435 0.025993102525248595
25 0.6518218840483878 0.39475205634040966 0.03242054319161758 0.02273789419191526
25 0.6534124822958436 0.3770752653652738 0.032443285256337884 0.023388935858581927
25 0.6547816819830199 0.3587720992172552 0.03246602732105863 0.024039977525248595
25 0.4683725917616093 0.4788098030614438 0.030955699441617357 0.022589895229211326
25 0.4699518189767047 0.4614585329196413 0.030955699441617357 0.02258989522921147
25 0.47080999534916035 0.4438557414258573 0.030024621071058633 0.02379331258740895
25 0.4724233356613366 0.42552790878405483 0.029513597756337995 0.02309293793317435
23 0.6618972194880857 0.3291840827059895 0.043663056115470056 0.0381461365850763
23 0.6653733896828721 0.29931502193481657 0.04303832247714667 0.0341905535975083
22 0.6620985685496144 0.2746692481624773 0.03111489389466149 0.02714718689587814
22 0.6635814785603935 0.2531108736811254 0.03260247970938224 0.027946227525248595
22 0.6661091772653345 0.22950070822463764 0.032114198459382015 0.027896894537680666
27 0.6674409343344734 0.16351864503310679 0.031822590466969336 0.10312172994560642
27 0.6769443886352001 0.06557125352184105 0.03024403639336648 0.0997185226495693
12 0.5900047829449918 0.4859831396756782 0.03395361313577916 0.024839018154618902
13 0.5916241453440945 0.4605185151943263 0.033976355200499686 0.025490059821285566
13 0.5932374856562708 0.44219068255252375 0.03441915232105863 0.024237309475520163
13 0.5948508259684471 0.42386284991072126 0.033976355200499686 0.025490059821285715
10 0.6022513124240125 0.3721887497203567 0.040903260959382015 0.028784888313903245
10 0.6041770195553505 0.35188312558477025 0.04136880014466149 0.028183179634804507
10 0.6063127542146076 0.33252939745539983 0.04085777682994074 0.027482804980569986
10 0.6079715786562251 0.312899481480264 0.04085777682994096 0.027482804980569986
10 0.6090738956536808 0.29527202349269605 0.040744066506337884 0.024227596647236654
8 0.608813708192379 0.2748628769678319 0.034952917700499686 0.0255887257964215
8 0.6109721849163567 0.2548581071717948 0.035441198950499686 0.025638058783989504
8 0.6125627831638124 0.23718131619665894 0.03541845688577916 0.024987017117322836
1 0.6141533814112681 0.21950452522152308 0.036349535256337884 0.023783599759125362
1 0.6157894637881649 0.20052565091305388 0.036440503515220435 0.02638776642579203
1 0.6174710302945029 0.18024469327125137 0.03590673813577916 0.025036350104890765
2 0.6218267726434806 0.1600179250311586 0.040414979709382015 0.02873555532633539
2 0.6235538232792597 0.13843488405602272 0.040835034765220435 0.026831763313903318
26 0.5510018306727632 0.432509923131384 0.03197774607105863 0.023990644537680517
24 0.5516158664202189 0.41493179813138403 0.03102392563577916 0.02454302022921147
24 0.5534506052926746 0.3972303406624642 0.03197774607105863 0.023990644537680666
24 0.5550753166372111 0.37857698718732835 0.03144398069161736 0.0226392282167794
24 0.5571541961346668 0.36085086322462456 0.03148946482105863 0.023941311550112736
24 0.5582565131321224 0.34322340523705663 0.030490160256337884 0.02319160390831021
24 0.5598925955090193 0.32424453092858746 0.029513597756337884 0.02309293793317435
4 0.561886528834519 0.30198578179300095 0.03246602732105863 0.024039977525248595
4 0.5635680953408571 0.2817048241511984 0.03304527682994074 0.02669347717948319
4 0.5652382908148348 0.26174938734272923 0.031534948950499686 0.02524339488344607
4 0.5671639979461727 0.24144376320714275 0.03248876938577916 0.02469101919191526
4 0.56833454113779 0.22186318021957482 0.033022534765220435 0.026042435512816525
11 0.5723665456352458 0.20393972430659937 0.034328184062176303 0.021633142808853645
11 0.5740139990445029 0.18463532916479686 0.03550942514466149 0.027591183783989504
11 0.5746735189213997 0.16575512083146351 0.036417761450499686 0.025736724759125324
11 0.5777744450482966 0.14662824756029053 0.03490743357105863 0.024286642463088204
15 0.5123741224684242 0.3682945190870899 0.031069409765220213 0.025845103562544658
15 0.513521923595321 0.34936497776618863 0.03246602732105863 0.024039977525248446
15 0.5156462872222178 0.3303367704701515 0.030512902321058633 0.0238426455749768
15 0.5172482565020338 0.3123344586616823 0.03046741819161758 0.022540562241643542
15 0.5188843388789306 0.29335558435321313 0.03148946482105863 0.023941311550112736
15 0.5214514996263864 0.2755801274029414 0.030978441506337884 0.02324093689587814
16 0.440522530437336 0.3846363850991244 0.0234495441738527 0.0166415670823592
16 0.44164156741258587 0.3734946772844392 0.022427497544411645 0.015240817773890006
16 0.44251646376283577 0.36237763596353795 0.022938520859132172 0.0159411924281246
16 0.4436582428028062 0.35058488648218605 0.022938520859132172 0.01594119242812475
16 0.44455588121777667 0.3388168034946181 0.022938520859132172 0.015941192428124713
16 0.4462086835724677 0.32632367935903167 0.022495723738573337 0.01719394277389008
16 0.4471290640521587 0.31390455470479706 0.0234495441738527 0.0166415670823592
14 0.4483276982539306 0.3004842010567785 0.0244261066738527 0.016740233057495058
14 0.4500259847380628 0.2866889935878587 0.02393782542385281 0.016690900069927128
14 0.4507022245927539 0.27429453542740806 0.0239378254238527 0.016690900069927128
14 0.45191222982688606 0.26054866094605617 0.024471590803293974 0.01804231639082839
5 0.3550111437666066 0.26969021731162296 0.04446037466367536 0.08882872060994045
27 0.36295612967898705 0.11189146904044996 0.03417302845808701 0.1007642282167794