18 0.7463363762712455 0.30839447107237844 0.043418282383811624 0.038445371174253985
18 0.7049177258061374 0.3142271134073776 0.043974768261725306 0.04107986059388143
18 0.663970305434051 0.31937839132274926 0.04151631085474672 0.04027720516241088
18 0.6239568196695187 0.3228414195655327 0.04151631085474694 0.04027720516241088
7 0.8262998000737252 0.36440006505550754 0.020372958994314683 0.0519638373654702
7 0.8092099563237252 0.36546136140913466 0.020321805523379366 0.0500107123654702
7 0.7921456893091927 0.36749922026276166 0.021332470337336318 0.05137344120472509
7 0.7746016666231496 0.369892922702683 0.020793035616401 0.04938999345176439
19 0.6248016298150199 0.3831082578616405 0.020338856680357953 0.05066175403213672
19 0.6077629395359552 0.3861226792152676 0.019867626587336318 0.051282472945842685
19 0.5911784281929335 0.38780469448260063 0.018874012930357953 0.05057078577325461
19 0.5745853912714227 0.38916118891660023 0.018856961773379588 0.0499197441065878
17 0.8337666407310225 0.4907699258220077 0.018987168726833037 0.03627819185954865
17 0.8162140924664901 0.4928381074285955 0.019526603447768354 0.038261639612509356
28 0.6244404750654806 0.5653927926010619 0.014422125907049388 0.02949487041623507
29 0.610138485132351 0.5701935638134048 0.01283792405820039 0.024846610490686
30 0.5955241499463078 0.5724053297355614 0.013405258790719188 0.009282255996607555
30 0.5959729044550485 0.580202668359081 0.013910591197697553 0.009963620416235072
30 0.5950242419666318 0.5626548661120417 0.011974517354675918 0.010493371071058633
32 0.8606624244464495 0.6120206264700768 0.04888083422107692 0.06088401537052842
31 0.8268888635627443 0.6203129536341839 0.04123264348848732 0.04805938240945018
9 0.6032676777924201 0.6439815608666987 0.013178947197768354 0.03786744382401933
9 0.5925595926063769 0.6459507447651691 0.012219435854746719 0.03845783998476445
9 0.5803440357778877 0.6463832927558552 0.01176525691870367 0.03972960056513708
20 0.8708930875861945 0.694528113546224 0.025835510831579978 0.07440248156174463
20 0.8484406756646837 0.6962484810157529 0.026340843238558342 0.07508384598137201
20 0.8274190051792161 0.6965757968930663 0.024841897174601613 0.07369079438915627
20 0.8069367694146837 0.6988259150174186 0.024353615924601613 0.07366047163619556
20 0.7849811643216621 0.7008414805673202 0.024875999488558342 0.0749928777224896
20 0.7649616330716621 0.7020847134387119 0.025835510831579978 0.07440248156174463
21 0.7345378363100432 0.707560614665427 0.027703380046688153 0.0712685642402544
21 0.708894545106554 0.7088270383625342 0.027737482360644883 0.07257064757358773
21 0.6854740962635325 0.7109335721713181 0.027163945325752836 0.06928511648729341
21 0.6605802780920217 0.7128055534056509 0.0281575589827312 0.06999680365988177
21 0.6369327397809784 0.7155782902575817 0.027163945325752836 0.06928511648729341
25 0.4788698513175791 0.25457754868303945 0.01772693886057386 0.04399972360066632
25 0.4627565700675791 0.25557819953074495 0.018232271267552225 0.04468108802029377
25 0.4476198513175791 0.25651820487252897 0.017778092331509066 0.04595284860066625
25 0.4330225672885143 0.2593810124613522 0.0167844786745307 0.045241161428078026
25 0.5458512148008065 0.515170766735531 0.01681858098848754 0.04654324476141151
25 0.5307144960508063 0.5161107720773149 0.01580791617453059 0.045180515922156474
25 0.5161001608647633 0.5183225379994715 0.016313248581508955 0.04586188034178399
25 0.50050926317872 0.5205949494275496 0.01779514348848754 0.046603890267332915
23 0.40671195768675195 0.25384182141142025 0.02704458722690406 0.06472782482062689
23 0.38377126451524113 0.25559251163391 0.025562692319925695 0.06398581489507789
22 0.3627441696024711 0.265049572221037 0.021684342331509066 0.04619543062435253
22 0.3442150588379387 0.26717839933354637 0.01974826848848754 0.04672518127917602
22 0.3247264367303846 0.270018913618644 0.02218967473848754 0.04687679504397998
27 0.27003351230308215 0.28254480666006443 0.08739769719776835 0.04247650227405705
27 0.18660562318099572 0.2903341640830234 0.08347439604078999 0.041582878583704165
12 0.543407464576497 0.32849571547072703 0.018822859459422636 0.048617660773254544
13 0.5214603850619646 0.33083680185396186 0.01782924580244427 0.04790597360066625
13 0.5058353850619646 0.33180712994870665 0.01880580830244427 0.0479666191065878
13 0.4907327686259214 0.334049218623824 0.017863348116401 0.04920805693399958
10 0.447216058326497 0.33446929780399953 0.020055189314098554 0.05844393127917602
10 0.4301432657334754 0.3361816358242933 0.019601010378055284 0.05971569185954865
10 0.4140299844834754 0.33718228667199884 0.019601010378055284 0.05971569185954865
10 0.3979593311259214 0.339810541686371 0.018102064314098554 0.05832264026733295
10 0.3828396635328998 0.3414015886948216 0.01710845065712019 0.05761095309474481
8 0.3648585130677917 0.3457787388877036 0.020355907837336207 0.05131279569880354
8 0.34924203864628095 0.34707458781578177 0.017914501587336207 0.05116118193399962
8 0.3336340898032593 0.3486959575771931 0.01695499024431457 0.05175157809474481
1 0.31827028158523774 0.3503021659621242 0.017494424965249777 0.05373502584770554
1 0.30264528158523774 0.351272494056869 0.019481652279206507 0.055158400192881984
1 0.2860692958207053 0.35328003015753523 0.017948603901293048 0.05246326526733295
2 0.26767349316081335 0.351161925060231 0.021065854128055284 0.05980666011843091
2 0.2501379960532593 0.35388114833348555 0.02007224047107692 0.059094972945842685
26 0.5010083829342282 0.3995992996136771 0.01779514348848754 0.046603890267332915
24 0.48565310029469577 0.4015310288319414 0.01824932242453059 0.045332129686960286
24 0.4705504838586526 0.40377311750705874 0.016733325203595495 0.04328803642807818
24 0.455919097515631 0.4053338417625487 0.01675037636057386 0.04393907809474484
24 0.44031114867260934 0.4069552115239601 0.018266373581509177 0.04598317135362695
24 0.42519148107958776 0.4085462585324107 0.015859069645465906 0.047133640922156474
24 0.4100718134865662 0.4101373055408614 0.01730686223848754 0.046573567514372215
4 0.39053203790807695 0.41102469482595905 0.01978237080244427 0.048027264612509356
4 0.37346777089354455 0.41306255367958616 0.019277038395465906 0.047345900192881984
4 0.3563949783005229 0.4147748916998799 0.018266373581509177 0.045983171353627096
4 0.34029874820750133 0.4164265842142521 0.01925998723848743 0.04669485852621532
4 0.32421104369296894 0.4184037975619576 0.01974826848848754 0.04672518127917602
11 0.30804660897203373 0.4174513234096631 0.016937939087336207 0.05110053642807818
11 0.29142799531505537 0.4178312553436629 0.019833524273379366 0.049980389612509356
11 0.27459081776854455 0.4192029111541429 0.018385731680357842 0.05054046302029377
11 0.2592270095505229 0.4208091195390739 0.01838573168035773 0.05054046302029377
15 0.4495760981669594 0.4712638546864015 0.017743990017552225 0.044650765267332915
15 0.4334969192309162 0.4735665888674403 0.0182493224245307 0.04533212968696043
15 0.4169209334663838 0.47557412496810664 0.01828342473848754 0.04663421302029377
15 0.4012788823094054 0.47589341139618474 0.018334578209422636 0.04858733802029377
15 0.3856879846233622 0.47816582282426284 0.01730686223848743 0.046573567514372215
15 0.3705512658733622 0.4791058281660468 0.016801529831509066 0.04589220309474484
16 0.46780450075735097 0.5790326463014704 0.011628847662876418 0.034521267231803744
16 0.45851863142886173 0.5792832577743918 0.011628847662876307 0.0345212672318036
16 0.4482988274928186 0.5812221189199014 0.012117128912876307 0.03455158998476445
16 0.43805344682130776 0.582184417565411 0.012117128912876418 0.03455158998476445
16 0.42828782182130776 0.5827908726246265 0.011140566412876418 0.0344909444788429
16 0.41804244114979694 0.583753171270136 0.012622461319854783 0.03523295440439197
16 0.4073173048067753 0.5850713135019397 0.012151231226833259 0.03585367331809778
14 0.3951017479782861 0.5855038614926258 0.012656563633811624 0.0365350377377253
14 0.3838712792282861 0.5862012848107235 0.012168282383811624 0.03650471498476445
14 0.37314614288526454 0.5875194270425272 0.012202384697768354 0.03780679831809778
14 0.3609476372137537 0.5886030166998798 0.013701330761725194 0.03919984991031337
5 0.37448466905716515 0.7413320355171448 0.07481089394201212 0.06444424627744934
27 0.2369203413856898 0.7642211298952301 0.08761936223848743 0.05094004394072371