25 0.07682291666666667 0.27587890625 0.15364583333333334 0.189453125
15 0.3971354166666667 0.06591796875 0.12565104166666666 0.13134765625
15 0.5227864583333334 0.064453125 0.13541666666666666 0.12890625
15 0.6529947916666666 0.06396484375 0.13541666666666666 0.12744140625
15 0.7845052083333334 0.06201171875 0.13671875 0.12353515625
15 0.9244791666666666 0.06005859375 0.13216145833333334 0.1201171875
16 0.3229166666666667 0.51318359375 0.07161458333333333 0.134765625
16 0.3919270833333333 0.51318359375 0.07161458333333333 0.13623046875
16 0.458984375 0.515625 0.07291666666666667 0.13330078125
16 0.5299479166666666 0.5185546875 0.0703125 0.13916015625
16 0.6028645833333334 0.51953125 0.068359375 0.13720703125
16 0.6744791666666666 0.521484375 0.07682291666666667 0.138671875
16 0.7532552083333334 0.52294921875 0.07877604166666667 0.140625
14 0.8580729166666666 0.52392578125 0.09309895833333333 0.15771484375
14 0.953125 0.525390625 0.09309895833333333 0.1572265625
5 0.8828125 0.95703125 0.23372395833333334 0.08544921875