1 0.05077737299094994 0.7705062293561291 0.10155474598189988 0.11426097878774177
1 0.05235263244617672 0.6513627636189168 0.10470526489235343 0.11426666026216648
1 0.056513119678960326 0.5390438724328548 0.11302623935792065 0.12308413013429043
4 0.43540896817981767 0.8461872633106697 0.34783094389852226 0.054736769184198675
4 0.4376508765317107 0.7436453600734574 0.34400893724802906 0.14406951203649987
11 0.43073320433511864 0.6020835678944307 0.3315174805723477 0.09421369126667689
11 0.41671422213163295 0.4986361205875279 0.3735477739099233 0.11783299844826922
11 0.41850962881924564 0.3829134643375279 0.39635695891018835 0.1193972680007026
11 0.4210015305073886 0.26425827985031547 0.3884459766868173 0.11301552290415404
2 0.061067535805228564 0.3805824031217929 0.12213507161045713 0.14117894375641415
2 0.04650311359537951 0.24075800268989003 0.09300622719075902 0.13469493212021993