4 0.8572229472502828 0.45867145353451294 0.2855541054994344 0.3933500872323742
4 0.6558167753752606 0.5074558321480469 0.33055145839961825 0.38182488914844104
4 0.4427561564919839 0.5487249703621023 0.3146840406190122 0.3654489175260711
4 0.24016902094270332 0.5931555702029111 0.3159027928402623 0.36014040474460196
8 0.6837499611281243 0.080617458601536 0.25421867225624845 0.161234917203072
8 0.4855534550213438 0.10950278160760395 0.2705860767093542 0.2190055632152079
8 0.29777740335905184 0.13184343058439446 0.26053303671359634 0.2636868611687889
10 0.8295835225208134 0.09740498221783797 0.1956253783749601 0.19480996443567594
1 0.1225984100327447 0.17515075402016403 0.24380291782700528 0.28348755445967194
1 0.032788978092498304 0.2026778454659237 0.06322953393537666 0.2596833715681526
11 0.10356769205518429 0.6072949312736479 0.19218926894359598 0.31125775321843885
15 0.8968672578506028 0.8385422737749152 0.2062654842987944 0.1638339152131787
15 0.8688654359782321 0.7593744773238493 0.19915148223662804 0.08910215096668539
15 0.9709342686783682 0.7302231852015255 0.05813146264326363 0.07024261306639934
15 0.9430528822870046 0.6985940464078055 0.11389423542599086 0.06167183547895938