18 0.34130859375 0.41015625 0.0322265625 0.028645833333333332
18 0.3740234375 0.41015625 0.03125 0.029947916666666668
18 0.40576171875 0.41015625 0.0322265625 0.030598958333333332
18 0.43896484375 0.4095052083333333 0.03369140625 0.029947916666666668
7 0.28076171875 0.462890625 0.01513671875 0.039713541666666664
7 0.29443359375 0.462890625 0.015625 0.039713541666666664
7 0.30810546875 0.4622395833333333 0.01416015625 0.041015625
7 0.32177734375 0.4615885416666667 0.01416015625 0.038411458333333336
7 0.44140625 0.4609375 0.013671875 0.04296875
7 0.455078125 0.4602864583333333 0.01416015625 0.039713541666666664
7 0.46875 0.4596354166666667 0.0146484375 0.043619791666666664
7 0.48193359375 0.4596354166666667 0.01416015625 0.041666666666666664
17 0.28125 0.56640625 0.0126953125 0.028645833333333332
17 0.29443359375 0.56640625 0.0126953125 0.028645833333333332
28 0.44873046875 0.611328125 0.0126953125 0.022135416666666668
29 0.46142578125 0.61328125 0.0107421875 0.01953125
30 0.47314453125 0.6145833333333334 0.01025390625 0.006510416666666667
30 0.4736328125 0.6217447916666666 0.009765625 0.005859375
30 0.4736328125 0.6061197916666666 0.00927734375 0.007161458333333333
9 0.47021484375 0.6751302083333334 0.00830078125 0.031901041666666664
9 0.4794921875 0.67578125 0.009765625 0.03125
9 0.4892578125 0.67578125 0.00927734375 0.030598958333333332
32 0.265625 0.666015625 0.0341796875 0.046223958333333336
31 0.291015625 0.669921875 0.02978515625 0.037109375
20 0.2607421875 0.7317708333333334 0.01708984375 0.05859375
20 0.27734375 0.7317708333333334 0.017578125 0.057291666666666664
20 0.2939453125 0.7317708333333334 0.0166015625 0.05859375
20 0.310546875 0.7330729166666666 0.0166015625 0.05859375
20 0.326171875 0.7337239583333334 0.01611328125 0.059244791666666664
20 0.34326171875 0.7330729166666666 0.01806640625 0.05859375
21 0.3671875 0.7356770833333334 0.01953125 0.057291666666666664
21 0.38720703125 0.7356770833333334 0.01904296875 0.056640625
21 0.40625 0.7350260416666666 0.02001953125 0.055989583333333336
21 0.4267578125 0.736328125 0.02001953125 0.056640625
21 0.447265625 0.736328125 0.02001953125 0.057291666666666664
25 0.556640625 0.3359375 0.013671875 0.037109375
25 0.56982421875 0.3359375 0.01318359375 0.036458333333333336
25 0.5830078125 0.3359375 0.01220703125 0.037109375
25 0.59619140625 0.3352864583333333 0.013671875 0.036458333333333336
25 0.51123046875 0.5625 0.01318359375 0.037760416666666664
25 0.52490234375 0.5625 0.01318359375 0.037109375
25 0.537109375 0.5618489583333334 0.013671875 0.037109375
25 0.55078125 0.5625 0.01416015625 0.037109375
23 0.619140625 0.3268229166666667 0.01904296875 0.051432291666666664
23 0.6396484375 0.3268229166666667 0.01904296875 0.05078125
22 0.65771484375 0.3326822916666667 0.01611328125 0.037760416666666664
22 0.67529296875 0.3326822916666667 0.0166015625 0.037760416666666664
22 0.69189453125 0.33203125 0.015625 0.038411458333333336
27 0.7431640625 0.3352864583333333 0.07421875 0.026692708333333332
27 0.818359375 0.3333333333333333 0.07666015625 0.027994791666666668
12 0.505859375 0.4055989583333333 0.0126953125 0.040364583333333336
13 0.52392578125 0.4055989583333333 0.0126953125 0.0390625
13 0.53662109375 0.4055989583333333 0.0126953125 0.0390625
13 0.55029296875 0.4049479166666667 0.0126953125 0.0390625
10 0.587890625 0.400390625 0.01416015625 0.048177083333333336
10 0.60205078125 0.3997395833333333 0.01416015625 0.047526041666666664
10 0.61669921875 0.3997395833333333 0.013671875 0.048177083333333336
10 0.630859375 0.3997395833333333 0.01416015625 0.048828125
10 0.64453125 0.3997395833333333 0.0126953125 0.048177083333333336
8 0.66015625 0.4010416666666667 0.01318359375 0.041666666666666664
8 0.673828125 0.4010416666666667 0.01318359375 0.04296875
8 0.68798828125 0.4010416666666667 0.01318359375 0.043619791666666664
1 0.701171875 0.400390625 0.0126953125 0.043619791666666664
1 0.7158203125 0.3997395833333333 0.01416015625 0.043619791666666664
1 0.73095703125 0.3997395833333333 0.0126953125 0.044270833333333336
2 0.74658203125 0.396484375 0.01611328125 0.05078125
2 0.76318359375 0.3951822916666667 0.01513671875 0.049479166666666664
26 0.54443359375 0.4615885416666667 0.01318359375 0.0390625
24 0.5576171875 0.4615885416666667 0.0126953125 0.036458333333333336
24 0.57080078125 0.4622395833333333 0.0126953125 0.036458333333333336
24 0.58349609375 0.4615885416666667 0.01318359375 0.037109375
24 0.5966796875 0.4615885416666667 0.01318359375 0.037109375
24 0.609375 0.4615885416666667 0.013671875 0.038411458333333336
24 0.6240234375 0.4615885416666667 0.01416015625 0.038411458333333336
4 0.64111328125 0.4602864583333333 0.01513671875 0.0390625
4 0.65625 0.4602864583333333 0.015625 0.0390625
4 0.6708984375 0.4602864583333333 0.013671875 0.040364583333333336
4 0.68603515625 0.4602864583333333 0.0146484375 0.041015625
4 0.70068359375 0.4596354166666667 0.0146484375 0.0390625
11 0.71533203125 0.4563802083333333 0.0126953125 0.04296875
11 0.73046875 0.4563802083333333 0.01416015625 0.044921875
11 0.74462890625 0.4563802083333333 0.01416015625 0.043619791666666664
11 0.75927734375 0.4557291666666667 0.0146484375 0.043619791666666664
15 0.5927734375 0.517578125 0.0146484375 0.0390625
15 0.6064453125 0.5182291666666666 0.01416015625 0.0390625
15 0.62060546875 0.517578125 0.013671875 0.038411458333333336
15 0.63427734375 0.517578125 0.013671875 0.0390625
15 0.64794921875 0.517578125 0.013671875 0.037760416666666664
15 0.66162109375 0.517578125 0.0126953125 0.037760416666666664
16 0.58154296875 0.6106770833333334 0.0087890625 0.028645833333333332
16 0.59033203125 0.6106770833333334 0.0087890625 0.028645833333333332
16 0.5986328125 0.611328125 0.0087890625 0.027994791666666668
16 0.607421875 0.611328125 0.0087890625 0.028645833333333332
16 0.61572265625 0.611328125 0.0087890625 0.028645833333333332
16 0.62548828125 0.6106770833333334 0.00927734375 0.030598958333333332
16 0.63525390625 0.6119791666666666 0.00927734375 0.029947916666666668
14 0.64599609375 0.611328125 0.009765625 0.03125
14 0.65576171875 0.611328125 0.009765625 0.03125
14 0.6650390625 0.611328125 0.009765625 0.030598958333333332
14 0.67626953125 0.6119791666666666 0.00927734375 0.030598958333333332
5 0.67431640625 0.7454427083333334 0.0595703125 0.051432291666666664
27 0.79931640625 0.7571614583333334 0.0751953125 0.036458333333333336